Velocity: [1709263908.1854815,1.5, 0.0, 0.0]
Velocity: [1709263908.6953535,1.5, 0.0, 0.0]
Velocity: [1709263908.7278333,1.5, 0.0, 0.0]
Velocity: [1709263908.7647433,1.5, 0.0, 0.0]
Velocity: [1709263908.7958405,1.5, 0.0, 0.0]
Velocity: [1709263908.8300726,1.5, 0.0, 0.0]
Velocity: [1709263908.8644838,1.5, 0.0, 0.0]
Velocity: [1709263908.8993871,1.5, 0.0, 0.0]
Velocity: [1709263908.9316275,1.5, 0.0, 0.0]
Velocity: [1709263908.9637802,1.5, 0.0, 0.0]
Velocity: [1709263908.9972603,1.5, 0.0, 0.0]
Velocity: [1709263909.0437543,1.5, 0.0, 0.0]
Velocity: [1709263909.0720856,1.5, 0.0, 0.0]
Velocity: [1709263909.0953596,1.5, 0.0, 0.0]
Velocity: [1709263909.137869,1.5, 0.0, 0.0]
Velocity: [1709263909.1794915,1.5, 0.0, 0.0]
Velocity: [1709263909.20178,1.5, 0.0, 0.0]
Velocity: [1709263909.2376087,1.5, 0.0, 0.0]
Velocity: [1709263909.2732902,1.5, 0.0, 0.0]
Velocity: [1709263909.2970293,1.5, 0.0, 0.0]
Velocity: [1709263909.331421,1.5, 0.0, 0.0]
Velocity: [1709263909.3840456,1.5, 0.0, 0.0]
Velocity: [1709263909.4072301,1.5, 0.0, 0.0]
Velocity: [1709263909.4298637,1.5, 0.0, 0.0]
Velocity: [1709263909.4700413,1.5, 0.0, 0.0]
Velocity: [1709263909.5059214,1.5, 0.0, 0.0]
Velocity: [1709263909.5356483,1.5, 0.0, 0.0]
Velocity: [1709263909.566769,1.5, 0.0, 0.0]
Velocity: [1709263909.6101573,1.5, 0.0, 0.0]
Velocity: [1709263909.634137,1.5, 0.0, 0.0]
Velocity: [1709263909.6760945,1.5, 0.0, 0.0]
Velocity: [1709263909.709116,1.5, 0.0, 0.0]
Velocity: [1709263909.7405484,1.5, 0.0, 0.0]
Velocity: [1709263909.7679226,1.5, 0.0, 0.0]
Velocity: [1709263909.8018472,1.5, 0.0, 0.0]
Velocity: [1709263909.8524015,1.5, 0.0, 0.0]
Velocity: [1709263909.871319,1.5, 0.0, 0.0]
Velocity: [1709263909.900715,1.5, 0.0, 0.0]
Velocity: [1709263909.9312108,1.5, 0.0, 0.0]
Velocity: [1709263909.9749913,1.5, 0.0, 0.0]
Velocity: [1709263910.0049489,1.5, 0.0, 0.0]
Velocity: [1709263910.0376275,1.5, 0.0, 0.0]
Velocity: [1709263910.06404,1.5, 0.0, 0.0]
Velocity: [1709263910.1031682,1.5, 0.0, 0.0]
Velocity: [1709263910.1263375,1.5, 0.0, 0.0]
Velocity: [1709263910.1580217,1.5, 0.0, 0.0]
Velocity: [1709263910.1859477,1.5, 0.0, 0.0]
Velocity: [1709263910.2383423,1.5, 0.0, 0.0]
Velocity: [1709263910.2660224,1.5, 0.0, 0.0]
Velocity: [1709263910.2916448,1.5, 0.0, 0.0]
Velocity: [1709263910.3257504,1.5, 0.0, 0.0]
Velocity: [1709263910.3599513,1.5, 0.0, 0.0]
Velocity: [1709263910.393565,1.5, 0.0, 0.0]
Velocity: [1709263910.4299586,1.5, 0.0, 0.0]
Velocity: [1709263910.4606726,1.5, 0.0, 0.0]
Velocity: [1709263910.4868934,1.5, 0.0, 0.0]
Velocity: [1709263910.5181391,1.5, 0.0, 0.0]
Velocity: [1709263910.5629838,1.5, 0.0, 0.0]
Velocity: [1709263910.5905604,1.5, 0.0, 0.0]
Velocity: [1709263910.6345346,1.5, 0.0, 0.0]
Velocity: [1709263910.6564991,1.5, 0.0, 0.0]
Velocity: [1709263910.6873388,1.5, 0.0, 0.0]
Velocity: [1709263910.7314682,1.5, 0.0, 0.0]
Velocity: [1709263910.7688642,1.5, 0.0, 0.0]
Velocity: [1709263910.8017352,1.5, 0.0, 0.0]
Velocity: [1709263910.830071,1.5, 0.0, 0.0]
Velocity: [1709263910.8637993,1.5, 0.0, 0.0]
Velocity: [1709263910.9017699,1.5, 0.0, 0.0]
Velocity: [1709263910.9356089,1.5, 0.0, 0.0]
Velocity: [1709263910.9681072,1.5, 0.0, 0.0]
Velocity: [1709263910.9970322,1.5, 0.0, 0.0]
Velocity: [1709263911.0291913,1.5, 0.0, 0.0]
Velocity: [1709263911.0608995,1.5, 0.0, 0.0]
Velocity: [1709263911.0914226,1.5, 0.0, 0.0]
Velocity: [1709263911.123072,1.5, 0.0, 0.0]
Velocity: [1709263911.1613975,1.5, 0.0, 0.0]
Velocity: [1709263911.1862502,1.5, 0.0, 0.0]
Velocity: [1709263911.2187202,1.5, 0.0, 0.0]
Velocity: [1709263911.2574408,1.5, 0.0, 0.0]
Velocity: [1709263911.2848084,1.5, 0.0, 0.0]
Velocity: [1709263911.3188965,1.5, 0.0, 0.0]
Velocity: [1709263911.357676,1.5, 0.0, 0.0]
Velocity: [1709263911.3881214,1.5, 0.0, 0.0]
Velocity: [1709263911.4178693,1.5, 0.0, 0.0]
Velocity: [1709263911.4443812,1.5, 0.0, 0.0]
Velocity: [1709263911.4713016,1.5, 0.0, 0.0]
Velocity: [1709263911.5089235,1.5, 0.0, 0.0]
Velocity: [1709263911.5384603,1.5, 0.0, 0.0]
Velocity: [1709263911.5694702,1.5, 0.0, 0.0]
Velocity: [1709263911.6119528,1.5, 0.0, 0.0]
Velocity: [1709263911.6370964,1.5, 0.0, 0.0]
Velocity: [1709263911.6659887,1.5, 0.0, 0.0]
Velocity: [1709263911.6995394,1.5, 0.0, 0.0]
Velocity: [1709263911.7314632,1.5, 0.0, 0.0]
Velocity: [1709263911.7620249,1.5, 0.0, 0.0]
Velocity: [1709263911.7977762,1.5, 0.0, 0.0]
Velocity: [1709263911.8323383,1.5, 0.0, 0.0]
Velocity: [1709263911.8598676,1.5, 0.0, 0.0]
Velocity: [1709263911.9017322,1.5, 0.0, 0.0]
Velocity: [1709263911.9315796,1.5, 0.0, 0.0]
Velocity: [1709263911.9629252,1.5, 0.0, 0.0]
Velocity: [1709263911.9853191,1.5, 0.0, 0.0]
Velocity: [1709263912.0198486,1.5, 0.0, 0.0]
Velocity: [1709263912.0478117,1.5, 0.0, 0.0]
Velocity: [1709263912.0778902,1.5, 0.0, 0.0]
Velocity: [1709263912.1117234,1.5, 0.0, 0.0]
Velocity: [1709263912.28514,1.5, 0.0, 0.0]
Velocity: [1709263912.2854192,1.5, 0.0, 0.0]
Velocity: [1709263912.2856388,1.5, 0.0, 0.0]
Velocity: [1709263912.2858415,1.5, 0.0, 0.0]
Velocity: [1709263912.2860467,1.5, 0.0, 0.0]
Velocity: [1709263912.3162441,1.5, 0.0, 0.0]
Velocity: [1709263912.3481781,1.5, 0.0, 0.0]
Velocity: [1709263912.3838253,1.5, 0.0, 0.0]
Velocity: [1709263912.4137208,1.5, 0.0, 0.0]
Velocity: [1709263912.4423783,1.5, 0.0, 0.0]
Velocity: [1709263912.4860609,1.5, 0.0, 0.0]
Velocity: [1709263912.5149982,1.5, 0.0, 0.0]
Velocity: [1709263912.5477529,1.5, 0.0, 0.0]
Velocity: [1709263912.5833614,1.5, 0.0, 0.0]
Velocity: [1709263912.612417,1.5, 0.0, 0.0]
Velocity: [1709263912.6501358,1.5, 0.0, 0.0]
Velocity: [1709263912.688334,1.5, 0.0, 0.0]
Velocity: [1709263912.7120516,1.5, 0.0, 0.0]
Velocity: [1709263912.750289,1.5, 0.0, 0.0]
Velocity: [1709263912.7852824,1.5, 0.0, 0.0]
Velocity: [1709263912.8214648,1.5, 0.0, 0.0]
Velocity: [1709263912.8498628,1.5, 0.0, 0.0]
Velocity: [1709263912.8785403,1.5, 0.0, 0.0]
Velocity: [1709263912.9201212,1.5, 0.0, 0.0]
Velocity: [1709263912.9513597,1.5, 0.0, 0.0]
Velocity: [1709263912.9789762,1.5, 0.0, 0.0]
Velocity: [1709263913.0069773,1.5, 0.0, 0.0]
Velocity: [1709263913.0388682,1.5, 0.0, 0.0]
Velocity: [1709263913.0699985,1.5, 0.0, 0.0]
Velocity: [1709263913.1054528,1.5, 0.0, 0.0]
Velocity: [1709263913.1460903,1.5, 0.0, 0.0]
Velocity: [1709263913.1699424,1.5, 0.0, 0.0]
Velocity: [1709263913.2018278,1.5, 0.0, 0.0]
Velocity: [1709263913.2405605,1.5, 0.0, 0.0]
Velocity: [1709263913.276968,1.5, 0.0, 0.0]
Velocity: [1709263913.2994812,1.5, 0.0, 0.0]
Velocity: [1709263913.330828,1.5, 0.0, 0.0]
Velocity: [1709263913.3638263,1.5, 0.0, 0.0]
Velocity: [1709263913.4041336,1.5, 0.0, 0.0]
Velocity: [1709263913.4310517,1.5, 0.0, 0.0]
Velocity: [1709263913.4633589,1.5, 0.0, 0.0]
Velocity: [1709263913.5069053,1.5, 0.0, 0.0]
Velocity: [1709263913.5287073,1.5, 0.0, 0.0]
Velocity: [1709263913.559057,1.5, 0.0, 0.0]
Velocity: [1709263913.595842,1.5, 0.0, 0.0]
Velocity: [1709263913.6372907,1.5, 0.0, 0.0]
Velocity: [1709263913.670371,1.5, 0.0, 0.0]
Velocity: [1709263913.7022076,1.5, 0.0, 0.0]
Velocity: [1709263913.7349372,1.5, 0.0, 0.0]
Velocity: [1709263913.7707691,1.5, 0.0, 0.0]
Velocity: [1709263913.8074224,1.5, 0.0, 0.0]
Velocity: [1709263913.8367956,1.5, 0.0, 0.0]
Velocity: [1709263913.8679552,1.5, 0.0, 0.0]
Velocity: [1709263913.8980458,1.5, 0.0, 0.0]
Velocity: [1709263913.935489,1.5, 0.0, 0.0]
Velocity: [1709263913.9603744,1.5, 0.0, 0.0]
Velocity: [1709263913.9941566,1.5, 0.0, 0.0]
Velocity: [1709263914.0273929,1.5, 0.0, 0.0]
Velocity: [1709263914.0614796,1.5, 0.0, 0.0]
Velocity: [1709263914.0879362,1.5, 0.0, 0.0]
Velocity: [1709263914.1173594,1.5, 0.0, 0.0]
Velocity: [1709263914.1599574,1.5, 0.0, 0.0]
Velocity: [1709263914.199488,1.5, 0.0, 0.0]
Velocity: [1709263914.2350357,1.5, 0.0, 0.0]
Velocity: [1709263914.2660146,1.5, 0.0, 0.0]
Velocity: [1709263914.287315,1.5, 0.0, 0.0]
Velocity: [1709263914.3172438,1.5, 0.0, 0.0]
Velocity: [1709263914.3538315,1.5, 0.0, 0.0]
Velocity: [1709263914.3809278,1.5, 0.0, 0.0]
Velocity: [1709263914.4107597,1.5, 0.0, 0.0]
Velocity: [1709263914.4433866,1.5, 0.0, 0.0]
Velocity: [1709263914.4773507,1.5, 0.0, 0.0]
Velocity: [1709263914.5095692,1.5, 0.0, 0.0]
Velocity: [1709263914.545874,1.5, 0.0, 0.0]
Velocity: [1709263914.5806267,1.5, 0.0, 0.0]
Velocity: [1709263914.611093,1.5, 0.0, 0.0]
Velocity: [1709263914.6410208,1.5, 0.0, 0.0]
Velocity: [1709263914.671691,1.5, 0.0, 0.0]
Velocity: [1709263914.7018545,1.5, 0.0, 0.0]
Velocity: [1709263914.743458,1.5, 0.0, 0.0]
Velocity: [1709263914.7652032,1.5, 0.0, 0.0]
Velocity: [1709263914.8134549,1.5, 0.0, 0.0]
Velocity: [1709263914.8434904,1.5, 0.0, 0.0]
Velocity: [1709263914.8716788,1.5, 0.0, 0.0]
Velocity: [1709263914.9119825,1.5, 0.0, 0.0]
Velocity: [1709263914.9471362,1.5, 0.0, 0.0]
Velocity: [1709263914.9708214,1.5, 0.0, 0.0]
Velocity: [1709263915.006017,1.5, 0.0, 0.0]
Velocity: [1709263915.0560765,1.5, 0.0, 0.0]
Velocity: [1709263915.0799809,1.5, 0.0, 0.0]
Velocity: [1709263915.1124506,1.5, 0.0, 0.0]
Velocity: [1709263915.1497726,1.5, 0.0, 0.0]
Velocity: [1709263915.1751235,1.5, 0.0, 0.0]
Velocity: [1709263915.2075875,1.5, 0.0, 0.0]
Velocity: [1709263915.2357173,1.5, 0.0, 0.0]
Velocity: [1709263915.2861512,1.5, 0.0, 0.0]
Velocity: [1709263915.314161,1.5, 0.0, 0.0]
Velocity: [1709263915.3598244,1.5, 0.0, 0.0]
Velocity: [1709263915.3899388,1.5, 0.0, 0.0]
Velocity: [1709263915.421243,1.5, 0.0, 0.0]
Velocity: [1709263915.4552748,1.5, 0.0, 0.0]
Velocity: [1709263915.4934506,1.5, 0.0, 0.0]
Velocity: [1709263915.5208893,1.5, 0.0, 0.0]
Velocity: [1709263915.551438,1.5, 0.0, 0.0]
Velocity: [1709263915.5744865,1.5, 0.0, 0.0]
Velocity: [1709263915.604455,1.5, 0.0, 0.0]
Velocity: [1709263915.640842,1.5, 0.0, 0.0]
Velocity: [1709263915.6700077,1.5, 0.0, 0.0]
Velocity: [1709263915.705565,1.5, 0.0, 0.0]
Velocity: [1709263915.7370217,1.5, 0.0, 0.0]
Velocity: [1709263915.7674005,1.5, 0.0, 0.0]
Velocity: [1709263915.7925496,1.5, 0.0, 0.0]
Velocity: [1709263915.8264194,1.5, 0.0, 0.0]
Velocity: [1709263915.863697,1.5, 0.0, 0.0]
Velocity: [1709263915.8915992,1.5, 0.0, 0.0]
Velocity: [1709263915.9232666,1.5, 0.0, 0.0]
Velocity: [1709263915.955884,1.5, 0.0, 0.0]
Velocity: [1709263916.0373478,1.5, 0.0, 0.0]
Velocity: [1709263916.0608988,1.5, 0.0, 0.0]
Velocity: [1709263916.092513,1.5, 0.0, 0.0]
Velocity: [1709263916.1257992,1.5, 0.0, 0.0]
Velocity: [1709263916.1635945,1.5, 0.0, 0.0]
Velocity: [1709263916.2061243,1.5, 0.0, 0.0]
Velocity: [1709263916.2299411,1.5, 0.0, 0.0]
Velocity: [1709263916.2618508,1.5, 0.0, 0.0]
Velocity: [1709263916.3005242,1.5, 0.0, 0.0]
Velocity: [1709263916.4541764,1.5, 0.0, 0.0]
Velocity: [1709263916.4544368,1.5, 0.0, 0.0]
Velocity: [1709263916.4546428,1.5, 0.0, 0.0]
Velocity: [1709263916.454835,1.5, 0.0, 0.0]
Velocity: [1709263916.4581287,1.5, 0.0, 0.0]
Velocity: [1709263916.5027742,1.5, 0.0, 0.0]
Velocity: [1709263916.530283,1.5, 0.0, 0.0]
Velocity: [1709263916.5633693,1.5, 0.0, 0.0]
Velocity: [1709263916.5915525,1.5, 0.0, 0.0]
Velocity: [1709263916.6264718,1.5, 0.0, 0.0]
Velocity: [1709263916.658774,1.5, 0.0, 0.0]
Velocity: [1709263916.6919076,1.5, 0.0, 0.0]
Velocity: [1709263916.7326286,1.5, 0.0, 0.0]
Velocity: [1709263916.7560444,1.5, 0.0, 0.0]
Velocity: [1709263916.7918456,1.5, 0.0, 0.0]
Velocity: [1709263916.824983,1.5, 0.0, 0.0]
Velocity: [1709263916.8741152,1.5, 0.0, 0.0]
Velocity: [1709263916.904112,1.5, 0.0, 0.0]
Velocity: [1709263916.9265752,1.5, 0.0, 0.0]
Velocity: [1709263916.957553,1.5, 0.0, 0.0]
Velocity: [1709263916.9905393,1.5, 0.0, 0.0]
Velocity: [1709263917.0273998,1.5, 0.0, 0.0]
Velocity: [1709263917.0586421,1.5, 0.0, 0.0]
Velocity: [1709263917.0917742,1.5, 0.0, 0.0]
Velocity: [1709263917.1227615,1.5, 0.0, 0.0]
Velocity: [1709263917.1519566,1.5, 0.0, 0.0]
Velocity: [1709263917.1811438,1.5, 0.0, 0.0]
Velocity: [1709263917.2196949,1.5, 0.0, 0.0]
Velocity: [1709263917.2461212,1.5, 0.0, 0.0]
Velocity: [1709263917.2831106,1.5, 0.0, 0.0]
Velocity: [1709263917.3236213,1.5, 0.0, 0.0]
Velocity: [1709263917.3518183,1.5, 0.0, 0.0]
Velocity: [1709263917.3816874,1.5, 0.0, 0.0]
Velocity: [1709263917.4206946,1.5, 0.0, 0.0]
Velocity: [1709263917.4726071,1.5, 0.0, 0.0]
Velocity: [1709263917.4985673,1.5, 0.0, 0.0]
Velocity: [1709263917.5422518,1.5, 0.0, 0.0]
Velocity: [1709263917.5664873,1.5, 0.0, 0.0]
Velocity: [1709263917.5982025,1.5, 0.0, 0.0]
Velocity: [1709263917.6300116,1.5, 0.0, 0.0]
Velocity: [1709263917.664626,1.5, 0.0, 0.0]
Velocity: [1709263917.6879315,1.5, 0.0, 0.0]
Velocity: [1709263917.7306976,1.5, 0.0, 0.0]
Velocity: [1709263917.766945,1.5, 0.0, 0.0]
Velocity: [1709263917.7990594,1.5, 0.0, 0.0]
Velocity: [1709263917.8271298,1.5, 0.0, 0.0]
Velocity: [1709263917.8709679,1.5, 0.0, 0.0]
Velocity: [1709263917.8956249,1.5, 0.0, 0.0]
Velocity: [1709263917.9259634,1.5, 0.0, 0.0]
Velocity: [1709263917.9645052,1.5, 0.0, 0.0]
Velocity: [1709263917.989657,1.5, 0.0, 0.0]
Velocity: [1709263918.024633,1.5, 0.0, 0.0]
Velocity: [1709263918.0487847,1.5, 0.0, 0.0]
Velocity: [1709263918.0765057,1.5, 0.0, 0.0]
Velocity: [1709263918.1069915,1.5, 0.0, 0.0]
Velocity: [1709263918.1450715,1.5, 0.0, 0.0]
Velocity: [1709263918.1790297,1.5, 0.0, 0.0]
Velocity: [1709263918.2324653,1.5, 0.0, 0.0]
Velocity: [1709263918.2634094,1.5, 0.0, 0.0]
Velocity: [1709263918.2962573,1.5, 0.0, 0.0]
Velocity: [1709263918.323013,1.5, 0.0, 0.0]
Velocity: [1709263918.346437,1.5, 0.0, 0.0]
Velocity: [1709263918.376079,1.5, 0.0, 0.0]
Velocity: [1709263918.408976,1.5, 0.0, 0.0]
Velocity: [1709263918.4425278,1.5, 0.0, 0.0]
Velocity: [1709263918.4808679,1.5, 0.0, 0.0]
Velocity: [1709263918.511796,1.5, 0.0, 0.0]
Velocity: [1709263918.5460598,1.5, 0.0, 0.0]
Velocity: [1709263918.568783,1.5, 0.0, 0.0]
Velocity: [1709263918.6056523,1.5, 0.0, 0.0]
Velocity: [1709263918.633753,1.5, 0.0, 0.0]
Velocity: [1709263918.6642246,1.5, 0.0, 0.0]
Velocity: [1709263918.6957421,1.5, 0.0, 0.0]
Velocity: [1709263918.7373402,1.5, 0.0, 0.0]
Velocity: [1709263918.7691994,1.5, 0.0, 0.0]
Velocity: [1709263918.7989929,1.5, 0.0, 0.0]
Velocity: [1709263918.865749,1.5, 0.0, 0.0]
Velocity: [1709263918.8880734,1.5, 0.0, 0.0]
Velocity: [1709263918.914642,1.5, 0.0, 0.0]
Velocity: [1709263918.9729154,1.5, 0.0, 0.0]
Velocity: [1709263918.994457,1.5, 0.0, 0.0]
Velocity: [1709263919.0249293,1.5, 0.0, 0.0]
Velocity: [1709263919.0662422,1.5, 0.0, 0.0]
Velocity: [1709263919.0903664,1.5, 0.0, 0.0]
Velocity: [1709263919.120463,1.5, 0.0, 0.0]
Velocity: [1709263919.1602726,1.5, 0.0, 0.0]
Velocity: [1709263919.181512,1.5, 0.0, 0.0]
Velocity: [1709263919.2179787,1.5, 0.0, 0.0]
Velocity: [1709263919.2449965,1.5, 0.0, 0.0]
Velocity: [1709263919.2868228,1.5, 0.0, 0.0]
Velocity: [1709263919.3223228,1.5, 0.0, 0.0]
Velocity: [1709263919.343426,1.5, 0.0, 0.0]
Velocity: [1709263919.3747616,1.5, 0.0, 0.0]
Velocity: [1709263919.4145882,1.5, 0.0, 0.0]
Velocity: [1709263919.4530344,1.5, 0.0, 0.0]
Velocity: [1709263919.4822361,1.5, 0.0, 0.0]
Velocity: [1709263919.5134492,1.5, 0.0, 0.0]
Velocity: [1709263919.5467508,1.5, 0.0, 0.0]
Velocity: [1709263919.5814245,1.5, 0.0, 0.0]
Velocity: [1709263919.6177173,1.5, 0.0, 0.0]
Velocity: [1709263919.645699,1.5, 0.0, 0.0]
Velocity: [1709263919.679152,1.5, 0.0, 0.0]
Velocity: [1709263919.712237,1.5, 0.0, 0.0]
Velocity: [1709263919.743701,1.5, 0.0, 0.0]
Velocity: [1709263919.7837873,1.5, 0.0, 0.0]
Velocity: [1709263919.816213,1.5, 0.0, 0.0]
Velocity: [1709263919.8429832,1.5, 0.0, 0.0]
Velocity: [1709263919.8816514,1.5, 0.0, 0.0]
Velocity: [1709263919.9107556,1.5, 0.0, 0.0]
Velocity: [1709263919.940466,1.5, 0.0, 0.0]
Velocity: [1709263919.9786184,1.5, 0.0, 0.0]
Velocity: [1709263920.0034742,1.5, 0.0, 0.0]
Velocity: [1709263920.0394819,1.5, 0.0, 0.0]
Velocity: [1709263920.0640976,1.5, 0.0, 0.0]
Velocity: [1709263920.100937,1.5, 0.0, 0.0]
Velocity: [1709263920.1278808,1.5, 0.0, 0.0]
Velocity: [1709263920.1698887,1.5, 0.0, 0.0]
Velocity: [1709263920.1961696,1.5, 0.0, 0.0]
Velocity: [1709263920.2257447,1.5, 0.0, 0.0]
Velocity: [1709263920.2711637,1.5, 0.0, 0.0]
Velocity: [1709263920.2924206,1.5, 0.0, 0.0]
Velocity: [1709263920.3160229,1.5, 0.0, 0.0]
Velocity: [1709263920.3534873,1.5, 0.0, 0.0]
Velocity: [1709263920.392913,1.5, 0.0, 0.0]
Velocity: [1709263920.4253762,1.5, 0.0, 0.0]
Velocity: [1709263920.4573107,1.5, 0.0, 0.0]
Velocity: [1709263920.4884832,1.5, 0.0, 0.0]
Velocity: [1709263920.5196633,1.5, 0.0, 0.0]
Velocity: [1709263920.5518422,1.5, 0.0, 0.0]
Velocity: [1709263920.5893629,1.5, 0.0, 0.0]
Velocity: [1709263920.6263974,1.5, 0.0, 0.0]
Velocity: [1709263920.6534386,1.5, 0.0, 0.0]
Velocity: [1709263920.885062,1.5, 0.0, 0.0]
Velocity: [1709263920.8854725,1.5, 0.0, 0.0]
Velocity: [1709263920.8857493,1.5, 0.0, 0.0]
Velocity: [1709263920.8859391,1.5, 0.0, 0.0]
Velocity: [1709263920.8861237,1.5, 0.0, 0.0]
Velocity: [1709263920.8863103,1.5, 0.0, 0.0]
Velocity: [1709263920.8864899,1.5, 0.0, 0.0]
Velocity: [1709263920.9293997,1.5, 0.0, 0.0]
Velocity: [1709263920.9518473,1.5, 0.0, 0.0]
Velocity: [1709263920.9852586,1.5, 0.0, 0.0]
Velocity: [1709263921.0123181,1.5, 0.0, 0.0]
Velocity: [1709263921.0456517,1.5, 0.0, 0.0]
Velocity: [1709263921.0872948,1.5, 0.0, 0.0]
Velocity: [1709263921.1149414,1.5, 0.0, 0.0]
Velocity: [1709263921.1547358,1.5, 0.0, 0.0]
Velocity: [1709263921.1903698,1.5, 0.0, 0.0]
Velocity: [1709263921.2189512,1.5, 0.0, 0.0]
Velocity: [1709263921.276381,1.5, 0.0, 0.0]
Velocity: [1709263921.2954228,1.5, 0.0, 0.0]
Velocity: [1709263921.3295825,1.5, 0.0, 0.0]
Velocity: [1709263921.361898,1.5, 0.0, 0.0]
Velocity: [1709263921.3914983,1.5, 0.0, 0.0]
Velocity: [1709263921.4103324,0.0, 0.0, 0.0]
Velocity: [1709263921.6585166,0.0, 0.0, 0.0]
Velocity: [1709263921.848241,0.0, 0.0, 0.0]
Velocity: [1709263922.0725086,0.0, 0.0, 0.0]
Velocity: [1709263922.2563848,0.0, 0.0, 0.0]
Velocity: [1709263922.5221598,0.0, 0.0, 0.0]
Velocity: [1709263922.8174138,0.0, 0.0, 0.0]
Velocity: [1709263923.0589929,0.0, 0.0, 0.0]
Velocity: [1709263923.2850084,0.0, 0.0, 0.0]
Velocity: [1709263923.4346557,0.0, 0.0, 0.0]
Velocity: [1709263923.6565342,0.0, 0.0, 0.0]
Velocity: [1709263923.863289,0.0, 0.0, 0.0]
Velocity: [1709263924.06815,0.0, 0.0, 0.0]
Velocity: [1709263924.292581,0.0, 0.0, 0.0]
Velocity: [1709263924.5069056,0.0, 0.0, 0.0]
Velocity: [1709263924.7493708,0.0, 0.0, 0.0]
Velocity: [1709263924.9549587,0.0, 0.0, 0.0]
Velocity: [1709263925.17165,0.0, 0.0, 0.0]
Velocity: [1709263925.444664,0.0, 0.0, 0.0]
Velocity: [1709263925.67415,0.0, 0.0, 0.0]
Velocity: [1709263925.9024475,0.0, 0.0, 0.0]
Velocity: [1709263926.1228127,0.0, 0.0, 0.0]
Velocity: [1709263926.3920057,0.0, 0.0, 0.0]
Velocity: [1709263926.6184585,0.0, 0.0, 0.0]
Velocity: [1709263926.8287113,0.0, 0.0, 0.0]
Velocity: [1709263927.0493805,0.0, 0.0, 0.0]
Velocity: [1709263927.409384,0.0, 0.0, 0.0]
Velocity: [1709263927.6521056,0.0, 0.0, 0.0]
Velocity: [1709263927.8812664,0.0, 0.0, 0.0]
Velocity: [1709263928.1221945,0.0, 0.0, 0.0]
Velocity: [1709263928.2812223,0.0, 0.0, 0.0]
Velocity: [1709263928.649409,0.0, 0.0, 0.0]
Velocity: [1709263928.7363608,0.0, 0.0, 0.0]
Velocity: [1709263928.9861758,0.0, 0.0, 0.0]
Velocity: [1709263929.1131256,0.0, 0.0, -2.0]
Velocity: [1709263929.5837896,0.0, 0.0, -2.0]
Velocity: [1709263929.6144185,0.0, 0.0, -2.0]
Velocity: [1709263929.654686,0.0, 0.0, -2.0]
Velocity: [1709263929.6928933,0.0, 0.0, -2.0]
Velocity: [1709263929.726345,0.0, 0.0, -2.0]
Velocity: [1709263929.751697,0.0, 0.0, -2.0]
Velocity: [1709263929.787461,0.0, 0.0, -2.0]
Velocity: [1709263929.825372,0.0, 0.0, -2.0]
Velocity: [1709263929.8453927,0.0, 0.0, -2.0]
Velocity: [1709263929.8893402,0.0, 0.0, -2.0]
Velocity: [1709263929.9162853,0.0, 0.0, -2.0]
Velocity: [1709263929.941244,0.0, 0.0, -2.0]
Velocity: [1709263929.97464,0.0, 0.0, -2.0]
Velocity: [1709263930.0053623,0.0, 0.0, -2.0]
Velocity: [1709263930.043955,0.0, 0.0, -2.0]
Velocity: [1709263930.066422,0.0, 0.0, -2.0]
Velocity: [1709263930.102041,0.0, 0.0, -2.0]
Velocity: [1709263930.1324692,0.0, 0.0, -2.0]
Velocity: [1709263930.17293,0.0, 0.0, -2.0]
Velocity: [1709263930.194514,0.0, 0.0, -2.0]
Velocity: [1709263930.228415,0.0, 0.0, -2.0]
Velocity: [1709263930.2601259,0.0, 0.0, -2.0]
Velocity: [1709263930.2971213,0.0, 0.0, -2.0]
Velocity: [1709263930.3255222,0.0, 0.0, -2.0]
Velocity: [1709263930.355046,0.0, 0.0, -2.0]
Velocity: [1709263930.3876202,0.0, 0.0, -2.0]
Velocity: [1709263930.4298053,0.0, 0.0, -2.0]
Velocity: [1709263930.4522219,0.0, 0.0, -2.0]
Velocity: [1709263930.4861197,0.0, 0.0, -2.0]
Velocity: [1709263930.5170972,0.0, 0.0, -2.0]
Velocity: [1709263930.5618887,0.0, 0.0, -2.0]
Velocity: [1709263930.584127,0.0, 0.0, -2.0]
Velocity: [1709263930.6188605,0.0, 0.0, -2.0]
Velocity: [1709263930.6497908,0.0, 0.0, -2.0]
Velocity: [1709263930.6781754,0.0, 0.0, -2.0]
Velocity: [1709263930.7231953,0.0, 0.0, -2.0]
Velocity: [1709263930.7510839,0.0, 0.0, -2.0]
Velocity: [1709263930.7779217,0.0, 0.0, -2.0]
Velocity: [1709263930.8081691,0.0, 0.0, -2.0]
Velocity: [1709263930.8422463,0.0, 0.0, -2.0]
Velocity: [1709263930.872772,0.0, 0.0, -2.0]
Velocity: [1709263930.909258,0.0, 0.0, -2.0]
Velocity: [1709263930.9440703,0.0, 0.0, -2.0]
Velocity: [1709263930.9830933,0.0, 0.0, -2.0]
Velocity: [1709263931.0217693,0.0, 0.0, -2.0]
Velocity: [1709263931.0531075,0.0, 0.0, -2.0]
Velocity: [1709263931.0824857,0.0, 0.0, -2.0]
Velocity: [1709263931.1102798,0.0, 0.0, -2.0]
Velocity: [1709263931.1515937,0.0, 0.0, -2.0]
Velocity: [1709263931.1825624,0.0, 0.0, -2.0]
Velocity: [1709263931.2250683,0.0, 0.0, -2.0]
Velocity: [1709263931.242143,0.0, 0.0, -2.0]
Velocity: [1709263931.2744327,0.0, 0.0, -2.0]
Velocity: [1709263931.3089392,0.0, 0.0, -2.0]
Velocity: [1709263931.339092,0.0, 0.0, -2.0]
Velocity: [1709263931.3719482,0.0, 0.0, -2.0]
Velocity: [1709263931.4014263,0.0, 0.0, -2.0]
Velocity: [1709263931.4374735,0.0, 0.0, -2.0]
Velocity: [1709263931.4677653,0.0, 0.0, -2.0]
Velocity: [1709263931.5027752,0.0, 0.0, -2.0]
Velocity: [1709263931.5437522,0.0, 0.0, -2.0]
Velocity: [1709263931.5797575,0.0, 0.0, -2.0]
Velocity: [1709263931.6040018,0.0, 0.0, -2.0]
Velocity: [1709263931.6408353,0.0, 0.0, -2.0]
Velocity: [1709263931.6657517,0.0, 0.0, -2.0]
Velocity: [1709263931.7010624,0.0, 0.0, -2.0]
Velocity: [1709263931.7293825,0.0, 0.0, -2.0]
Velocity: [1709263931.7648988,0.0, 0.0, -2.0]
Velocity: [1709263931.7875807,0.0, 0.0, -2.0]
Velocity: [1709263931.8285048,0.0, 0.0, -2.0]
Velocity: [1709263931.8621502,0.0, 0.0, -2.0]
Velocity: [1709263931.8954687,0.0, 0.0, -2.0]
Velocity: [1709263931.9282079,0.0, 0.0, -2.0]
Velocity: [1709263931.9480145,0.0, 0.0, -2.0]
Velocity: [1709263931.9818296,0.0, 0.0, -2.0]
Velocity: [1709263932.0126941,0.0, 0.0, -2.0]
Velocity: [1709263932.0467544,0.0, 0.0, -2.0]
Velocity: [1709263932.083372,0.0, 0.0, -2.0]
Velocity: [1709263932.1053607,0.0, 0.0, -2.0]
Velocity: [1709263932.139515,0.0, 0.0, -2.0]
Velocity: [1709263932.1698096,0.0, 0.0, -2.0]
Velocity: [1709263932.2105904,0.0, 0.0, -2.0]
Velocity: [1709263932.2423337,0.0, 0.0, -2.0]
Velocity: [1709263932.2768912,0.0, 0.0, -2.0]
Velocity: [1709263932.3061082,0.0, 0.0, -2.0]
Velocity: [1709263932.3412292,0.0, 0.0, -2.0]
Velocity: [1709263932.3707914,0.0, 0.0, -2.0]
Velocity: [1709263932.5308378,0.0, 0.0, -2.0]
Velocity: [1709263932.53127,0.0, 0.0, -2.0]
Velocity: [1709263932.5314612,0.0, 0.0, -2.0]
Velocity: [1709263932.531642,0.0, 0.0, -2.0]
Velocity: [1709263932.531823,0.0, 0.0, -2.0]
Velocity: [1709263932.5803947,0.0, 0.0, -2.0]
Velocity: [1709263932.6141286,0.0, 0.0, -2.0]
Velocity: [1709263932.6502676,0.0, 0.0, -2.0]
Velocity: [1709263932.6817985,0.0, 0.0, -2.0]
Velocity: [1709263932.7164555,0.0, 0.0, -2.0]
Velocity: [1709263932.745001,0.0, 0.0, -2.0]
Velocity: [1709263932.7905853,0.0, 0.0, -2.0]
Velocity: [1709263932.8255975,0.0, 0.0, -2.0]
Velocity: [1709263932.855256,0.0, 0.0, -2.0]
Velocity: [1709263932.878897,0.0, 0.0, -2.0]
Velocity: [1709263932.9180956,0.0, 0.0, -2.0]
Velocity: [1709263932.9417818,0.0, 0.0, -2.0]
Velocity: [1709263932.990316,0.0, 0.0, -2.0]
Velocity: [1709263933.0105767,0.0, 0.0, -2.0]
Velocity: [1709263933.0395079,0.0, 0.0, -2.0]
Velocity: [1709263933.0826726,0.0, 0.0, -2.0]
Velocity: [1709263933.112379,0.0, 0.0, -2.0]
Velocity: [1709263933.153606,0.0, 0.0, -2.0]
Velocity: [1709263933.1818361,0.0, 0.0, -2.0]
Velocity: [1709263933.211915,0.0, 0.0, -2.0]
Velocity: [1709263933.2406814,0.0, 0.0, -2.0]
Velocity: [1709263933.2763338,0.0, 0.0, -2.0]
Velocity: [1709263933.3240886,0.0, 0.0, -2.0]
Velocity: [1709263933.3468127,0.0, 0.0, -2.0]
Velocity: [1709263933.3840158,0.0, 0.0, -2.0]
Velocity: [1709263933.4149528,0.0, 0.0, -2.0]
Velocity: [1709263933.4566662,0.0, 0.0, -2.0]
Velocity: [1709263933.4762678,0.0, 0.0, -2.0]
Velocity: [1709263933.5119867,0.0, 0.0, -2.0]
Velocity: [1709263933.5378919,0.0, 0.0, -2.0]
Velocity: [1709263933.5673416,0.0, 0.0, -2.0]
Velocity: [1709263933.6073995,0.0, 0.0, -2.0]
Velocity: [1709263933.6371472,0.0, 0.0, -2.0]
Velocity: [1709263933.6768172,0.0, 0.0, -2.0]
Velocity: [1709263933.7098277,0.0, 0.0, -2.0]
Velocity: [1709263933.7400742,0.0, 0.0, -2.0]
Velocity: [1709263933.7708375,0.0, 0.0, -2.0]
Velocity: [1709263933.8191261,0.0, 0.0, -2.0]
Velocity: [1709263933.8528414,0.0, 0.0, -2.0]
Velocity: [1709263933.8775775,0.0, 0.0, -2.0]
Velocity: [1709263933.9056008,0.0, 0.0, -2.0]
Velocity: [1709263933.9356227,0.0, 0.0, -2.0]
Velocity: [1709263933.9826536,0.0, 0.0, -2.0]
Velocity: [1709263934.0060425,0.0, 0.0, -2.0]
Velocity: [1709263934.0393121,0.0, 0.0, -2.0]
Velocity: [1709263934.0716214,0.0, 0.0, -2.0]
Velocity: [1709263934.1128495,0.0, 0.0, -2.0]
Velocity: [1709263934.1348014,0.0, 0.0, -2.0]
Velocity: [1709263934.166774,0.0, 0.0, -2.0]
Velocity: [1709263934.2130876,0.0, 0.0, -2.0]
Velocity: [1709263934.2461195,0.0, 0.0, -2.0]
Velocity: [1709263934.2732406,0.0, 0.0, -2.0]
Velocity: [1709263934.3058765,0.0, 0.0, -2.0]
Velocity: [1709263934.3422456,0.0, 0.0, -2.0]
Velocity: [1709263934.3710804,0.0, 0.0, -2.0]
Velocity: [1709263934.40092,0.0, 0.0, -2.0]
Velocity: [1709263934.4357088,0.0, 0.0, -2.0]
Velocity: [1709263934.4659572,0.0, 0.0, -2.0]
Velocity: [1709263934.502222,0.0, 0.0, -2.0]
Velocity: [1709263934.5367248,0.0, 0.0, -2.0]
Velocity: [1709263934.5798237,0.0, 0.0, -2.0]
Velocity: [1709263934.608002,0.0, 0.0, -2.0]
Velocity: [1709263934.639342,0.0, 0.0, -2.0]
Velocity: [1709263934.6697152,0.0, 0.0, -2.0]
Velocity: [1709263934.7128468,0.0, 0.0, -2.0]
Velocity: [1709263934.750804,0.0, 0.0, -2.0]
Velocity: [1709263934.7811124,0.0, 0.0, -2.0]
Velocity: [1709263934.8178446,0.0, 0.0, -2.0]
Velocity: [1709263934.852055,0.0, 0.0, -2.0]
Velocity: [1709263934.8985646,0.0, 0.0, -2.0]
Velocity: [1709263934.9253428,0.0, 0.0, -2.0]
Velocity: [1709263934.9567635,0.0, 0.0, -2.0]
Velocity: [1709263934.9861932,0.0, 0.0, -2.0]
Velocity: [1709263935.0199666,0.0, 0.0, -2.0]
Velocity: [1709263935.0610363,0.0, 0.0, -2.0]
Velocity: [1709263935.0855138,0.0, 0.0, -2.0]
Velocity: [1709263935.1238575,0.0, 0.0, -2.0]
Velocity: [1709263935.151545,0.0, 0.0, -2.0]
Velocity: [1709263935.1816807,0.0, 0.0, -2.0]
Velocity: [1709263935.2274725,0.0, 0.0, -2.0]
Velocity: [1709263935.2561183,0.0, 0.0, -2.0]
Velocity: [1709263935.3011296,0.0, 0.0, -2.0]
Velocity: [1709263935.331652,0.0, 0.0, -2.0]
Velocity: [1709263935.371103,0.0, 0.0, -2.0]
Velocity: [1709263935.4008734,0.0, 0.0, -2.0]
Velocity: [1709263935.4260073,0.0, 0.0, -2.0]
Velocity: [1709263935.4579606,0.0, 0.0, -2.0]
Velocity: [1709263935.4913795,0.0, 0.0, -2.0]
Velocity: [1709263935.522233,0.0, 0.0, -2.0]
Velocity: [1709263935.5608997,0.0, 0.0, -2.0]
Velocity: [1709263935.5863278,0.0, 0.0, -2.0]
Velocity: [1709263935.6283443,0.0, 0.0, -2.0]
Velocity: [1709263935.6612487,0.0, 0.0, -2.0]
Velocity: [1709263935.6823978,0.0, 0.0, -2.0]
Velocity: [1709263935.7176573,0.0, 0.0, -2.0]
Velocity: [1709263935.7565064,0.0, 0.0, -2.0]
Velocity: [1709263935.7851958,0.0, 0.0, -2.0]
Velocity: [1709263935.8150766,0.0, 0.0, -2.0]
Velocity: [1709263935.8490486,0.0, 0.0, -2.0]
Velocity: [1709263935.8854892,0.0, 0.0, -2.0]
Velocity: [1709263935.9181473,0.0, 0.0, -2.0]
Velocity: [1709263935.9413848,0.0, 0.0, -2.0]
Velocity: [1709263935.9774992,0.0, 0.0, -2.0]
Velocity: [1709263936.0014784,0.0, 0.0, -2.0]
Velocity: [1709263936.032066,0.0, 0.0, -2.0]
Velocity: [1709263936.0691254,0.0, 0.0, -2.0]
Velocity: [1709263936.0997348,0.0, 0.0, -2.0]
Velocity: [1709263936.1278803,0.0, 0.0, -2.0]
Velocity: [1709263936.1559181,0.0, 0.0, -2.0]
Velocity: [1709263936.1864705,0.0, 0.0, -2.0]
Velocity: [1709263936.2169046,0.0, 0.0, -2.0]
Velocity: [1709263936.2491064,0.0, 0.0, -2.0]
Velocity: [1709263936.2941225,0.0, 0.0, -2.0]
Velocity: [1709263936.3270955,0.0, 0.0, -2.0]
Velocity: [1709263936.3616066,0.0, 0.0, -2.0]
Velocity: [1709263936.386816,0.0, 0.0, -2.0]
Velocity: [1709263936.4286625,0.0, 0.0, -2.0]
Velocity: [1709263936.480887,0.0, 0.0, -2.0]
Velocity: [1709263936.4882255,0.0, 0.0, -2.0]
Velocity: [1709263936.5219057,0.0, 0.0, -2.0]
Velocity: [1709263936.5591245,0.0, 0.0, -2.0]
Velocity: [1709263936.7640913,0.0, 0.0, -2.0]
Velocity: [1709263936.7643964,0.0, 0.0, -2.0]
Velocity: [1709263936.7646208,0.0, 0.0, -2.0]
Velocity: [1709263936.7648184,0.0, 0.0, -2.0]
Velocity: [1709263936.7650108,0.0, 0.0, -2.0]
Velocity: [1709263936.7652004,0.0, 0.0, -2.0]
Velocity: [1709263936.8098269,0.0, 0.0, -2.0]
Velocity: [1709263936.8101773,0.0, 0.0, -2.0]
Velocity: [1709263936.851455,0.0, 0.0, -2.0]
Velocity: [1709263936.8808513,0.0, 0.0, -2.0]
Velocity: [1709263936.9041061,0.0, 0.0, -2.0]
Velocity: [1709263936.9343097,0.0, 0.0, -2.0]
Velocity: [1709263936.9718256,0.0, 0.0, -2.0]
Velocity: [1709263937.0139058,0.0, 0.0, -2.0]
Velocity: [1709263937.0490918,0.0, 0.0, -2.0]
Velocity: [1709263937.0742352,0.0, 0.0, -2.0]
Velocity: [1709263937.107396,0.0, 0.0, -2.0]
Velocity: [1709263937.139769,0.0, 0.0, -2.0]
Velocity: [1709263937.1724465,0.0, 0.0, -2.0]
Velocity: [1709263937.204178,0.0, 0.0, -2.0]
Velocity: [1709263937.241443,0.0, 0.0, -2.0]
Velocity: [1709263937.2680874,0.0, 0.0, -2.0]
Velocity: [1709263937.2957213,0.0, 0.0, -2.0]
Velocity: [1709263937.325706,0.0, 0.0, -2.0]
Velocity: [1709263937.363826,0.0, 0.0, -2.0]
Velocity: [1709263937.3889792,0.0, 0.0, -2.0]
Velocity: [1709263937.4221802,0.0, 0.0, -2.0]
Velocity: [1709263937.456756,0.0, 0.0, -2.0]
Velocity: [1709263937.4946828,0.0, 0.0, -2.0]
Velocity: [1709263937.5205474,0.0, 0.0, -2.0]
Velocity: [1709263937.555841,0.0, 0.0, -2.0]
Velocity: [1709263937.5969083,0.0, 0.0, -2.0]
Velocity: [1709263937.623117,0.0, 0.0, -2.0]
Velocity: [1709263937.6720634,0.0, 0.0, -2.0]
Velocity: [1709263937.69537,0.0, 0.0, -2.0]
Velocity: [1709263937.728357,0.0, 0.0, -2.0]
Velocity: [1709263937.7611303,0.0, 0.0, -2.0]
Velocity: [1709263937.7891428,0.0, 0.0, -2.0]
Velocity: [1709263937.8198845,0.0, 0.0, -2.0]
Velocity: [1709263937.8539784,0.0, 0.0, -2.0]
Velocity: [1709263937.896406,0.0, 0.0, -2.0]
Velocity: [1709263937.932466,0.0, 0.0, -2.0]
Velocity: [1709263937.9650085,0.0, 0.0, -2.0]
Velocity: [1709263937.987605,0.0, 0.0, -2.0]
Velocity: [1709263938.0163248,0.0, 0.0, -2.0]
Velocity: [1709263938.0599208,0.0, 0.0, -2.0]
Velocity: [1709263938.0813508,0.0, 0.0, -2.0]
Velocity: [1709263938.1147668,0.0, 0.0, -2.0]
Velocity: [1709263938.1488795,0.0, 0.0, -2.0]
Velocity: [1709263938.1704075,0.0, 0.0, -2.0]
Velocity: [1709263938.2182589,0.0, 0.0, -2.0]
Velocity: [1709263938.2550852,0.0, 0.0, -2.0]
Velocity: [1709263938.2814717,0.0, 0.0, -2.0]
Velocity: [1709263938.3483727,0.0, 0.0, -2.0]
Velocity: [1709263938.3815336,0.0, 0.0, -2.0]
Velocity: [1709263938.4208646,0.0, 0.0, -2.0]
Velocity: [1709263938.440763,0.0, 0.0, -2.0]
Velocity: [1709263938.473586,0.0, 0.0, -2.0]
Velocity: [1709263938.5076792,0.0, 0.0, -2.0]
Velocity: [1709263938.5375087,0.0, 0.0, -2.0]
Velocity: [1709263938.5690317,0.0, 0.0, -2.0]
Velocity: [1709263938.6134171,0.0, 0.0, -2.0]
Velocity: [1709263938.6361144,0.0, 0.0, -2.0]
Velocity: [1709263938.6674764,0.0, 0.0, -2.0]
Velocity: [1709263938.6958804,0.0, 0.0, -2.0]
Velocity: [1709263938.7339132,0.0, 0.0, -2.0]
Velocity: [1709263938.7636435,0.0, 0.0, -2.0]
Velocity: [1709263938.7985125,0.0, 0.0, -2.0]
Velocity: [1709263938.8285134,0.0, 0.0, -2.0]
Velocity: [1709263938.8654187,0.0, 0.0, -2.0]
Velocity: [1709263938.86576,0.0, 0.0, 0.0]
Velocity: [1709263939.1041625,0.0, 0.0, 0.0]
Velocity: [1709263939.3093271,0.0, 0.0, 0.0]
Velocity: [1709263939.520295,0.0, 0.0, 0.0]
Velocity: [1709263939.7293499,0.0, 0.0, 0.0]
Velocity: [1709263939.956781,0.0, 0.0, 0.0]
Velocity: [1709263940.173081,0.0, 0.0, 0.0]
Velocity: [1709263940.4260356,0.0, 0.0, 0.0]
Velocity: [1709263940.6146924,0.0, 0.0, 0.0]
Velocity: [1709263941.0275555,0.0, 0.0, 0.0]
Velocity: [1709263941.0840755,0.0, 0.0, 0.0]
Velocity: [1709263941.2381248,0.0, 0.0, 0.0]
Velocity: [1709263941.719208,0.0, 0.0, 0.0]
Velocity: [1709263941.9581378,0.0, 0.0, 0.0]
Velocity: [1709263942.0585685,-1.5, 0.0, 0.0]
Velocity: [1709263942.566228,-1.5, 0.0, 0.0]
Velocity: [1709263942.5900705,-1.5, 0.0, 0.0]
Velocity: [1709263942.6271086,-1.5, 0.0, 0.0]
Velocity: [1709263942.6560588,-1.5, 0.0, 0.0]
Velocity: [1709263942.6861036,-1.5, 0.0, 0.0]
Velocity: [1709263942.7204945,-1.5, 0.0, 0.0]
Velocity: [1709263942.759882,-1.5, 0.0, 0.0]
Velocity: [1709263942.7937076,-1.5, 0.0, 0.0]
Velocity: [1709263942.8213534,-1.5, 0.0, 0.0]
Velocity: [1709263942.8672626,-1.5, 0.0, 0.0]
Velocity: [1709263942.8915436,-1.5, 0.0, 0.0]
Velocity: [1709263942.9304519,-1.5, 0.0, 0.0]
Velocity: [1709263942.9560175,-1.5, 0.0, 0.0]
Velocity: [1709263942.995779,-1.5, 0.0, 0.0]
Velocity: [1709263943.0232744,-1.5, 0.0, 0.0]
Velocity: [1709263943.0610712,-1.5, 0.0, 0.0]
Velocity: [1709263943.1041033,-1.5, 0.0, 0.0]
Velocity: [1709263943.1309333,-1.5, 0.0, 0.0]
Velocity: [1709263943.1603878,-1.5, 0.0, 0.0]
Velocity: [1709263943.1986184,-1.5, 0.0, 0.0]
Velocity: [1709263943.2271895,-1.5, 0.0, 0.0]
Velocity: [1709263943.2609386,-1.5, 0.0, 0.0]
Velocity: [1709263943.2936943,-1.5, 0.0, 0.0]
Velocity: [1709263943.3322175,-1.5, 0.0, 0.0]
Velocity: [1709263943.352021,-1.5, 0.0, 0.0]
Velocity: [1709263943.389013,-1.5, 0.0, 0.0]
Velocity: [1709263943.4162304,-1.5, 0.0, 0.0]
Velocity: [1709263943.4449968,-1.5, 0.0, 0.0]
Velocity: [1709263943.4878933,-1.5, 0.0, 0.0]
Velocity: [1709263943.5080225,-1.5, 0.0, 0.0]
Velocity: [1709263943.5384,-1.5, 0.0, 0.0]
Velocity: [1709263943.5738325,-1.5, 0.0, 0.0]
Velocity: [1709263943.605097,-1.5, 0.0, 0.0]
Velocity: [1709263943.6467962,-1.5, 0.0, 0.0]
Velocity: [1709263943.6733775,-1.5, 0.0, 0.0]
Velocity: [1709263943.7118104,-1.5, 0.0, 0.0]
Velocity: [1709263943.741658,-1.5, 0.0, 0.0]
Velocity: [1709263943.772733,-1.5, 0.0, 0.0]
Velocity: [1709263943.8005967,-1.5, 0.0, 0.0]
Velocity: [1709263943.8567724,-1.5, 0.0, 0.0]
Velocity: [1709263943.8796687,-1.5, 0.0, 0.0]
Velocity: [1709263943.9104826,-1.5, 0.0, 0.0]
Velocity: [1709263943.942386,-1.5, 0.0, 0.0]
Velocity: [1709263943.9722626,-1.5, 0.0, 0.0]
Velocity: [1709263944.000932,-1.5, 0.0, 0.0]
Velocity: [1709263944.0302746,-1.5, 0.0, 0.0]
Velocity: [1709263944.0697594,-1.5, 0.0, 0.0]
Velocity: [1709263944.1032481,-1.5, 0.0, 0.0]
Velocity: [1709263944.1323512,-1.5, 0.0, 0.0]
Velocity: [1709263944.1644092,-1.5, 0.0, 0.0]
Velocity: [1709263944.192736,-1.5, 0.0, 0.0]
Velocity: [1709263944.224434,-1.5, 0.0, 0.0]
Velocity: [1709263944.2622352,-1.5, 0.0, 0.0]
Velocity: [1709263944.300886,-1.5, 0.0, 0.0]
Velocity: [1709263944.3301256,-1.5, 0.0, 0.0]
Velocity: [1709263944.357525,-1.5, 0.0, 0.0]
Velocity: [1709263944.3932073,-1.5, 0.0, 0.0]
Velocity: [1709263944.4265738,-1.5, 0.0, 0.0]
Velocity: [1709263944.458243,-1.5, 0.0, 0.0]
Velocity: [1709263944.4910648,-1.5, 0.0, 0.0]
Velocity: [1709263944.5263965,-1.5, 0.0, 0.0]
Velocity: [1709263944.5738058,-1.5, 0.0, 0.0]
Velocity: [1709263944.6103866,-1.5, 0.0, 0.0]
Velocity: [1709263944.6427677,-1.5, 0.0, 0.0]
Velocity: [1709263944.674765,-1.5, 0.0, 0.0]
Velocity: [1709263944.6965606,-1.5, 0.0, 0.0]
Velocity: [1709263944.7296946,-1.5, 0.0, 0.0]
Velocity: [1709263944.7691262,-1.5, 0.0, 0.0]
Velocity: [1709263944.797791,-1.5, 0.0, 0.0]
Velocity: [1709263944.8330235,-1.5, 0.0, 0.0]
Velocity: [1709263944.854189,-1.5, 0.0, 0.0]
Velocity: [1709263944.884667,-1.5, 0.0, 0.0]
Velocity: [1709263944.9221675,-1.5, 0.0, 0.0]
Velocity: [1709263944.9516125,-1.5, 0.0, 0.0]
Velocity: [1709263944.9873614,-1.5, 0.0, 0.0]
Velocity: [1709263945.0161247,-1.5, 0.0, 0.0]
Velocity: [1709263945.2495677,-1.5, 0.0, 0.0]
Velocity: [1709263945.2500665,-1.5, 0.0, 0.0]
Velocity: [1709263945.2503836,-1.5, 0.0, 0.0]
Velocity: [1709263945.2507873,-1.5, 0.0, 0.0]
Velocity: [1709263945.2510433,-1.5, 0.0, 0.0]
Velocity: [1709263945.2512326,-1.5, 0.0, 0.0]
Velocity: [1709263945.2514145,-1.5, 0.0, 0.0]
Velocity: [1709263945.291907,-1.5, 0.0, 0.0]
Velocity: [1709263945.309826,-1.5, 0.0, 0.0]
Velocity: [1709263945.346212,-1.5, 0.0, 0.0]
Velocity: [1709263945.3715649,-1.5, 0.0, 0.0]
Velocity: [1709263945.4000764,-1.5, 0.0, 0.0]
Velocity: [1709263945.4333315,-1.5, 0.0, 0.0]
Velocity: [1709263945.4628403,-1.5, 0.0, 0.0]
Velocity: [1709263945.499017,-1.5, 0.0, 0.0]
Velocity: [1709263945.5344715,-1.5, 0.0, 0.0]
Velocity: [1709263945.597548,-1.5, 0.0, 0.0]
Velocity: [1709263945.6284454,-1.5, 0.0, 0.0]
Velocity: [1709263945.6495337,-1.5, 0.0, 0.0]
Velocity: [1709263945.6866226,-1.5, 0.0, 0.0]
Velocity: [1709263945.7205513,-1.5, 0.0, 0.0]
Velocity: [1709263945.755892,-1.5, 0.0, 0.0]
Velocity: [1709263945.796095,-1.5, 0.0, 0.0]
Velocity: [1709263945.8184114,-1.5, 0.0, 0.0]
Velocity: [1709263945.8542724,-1.5, 0.0, 0.0]
Velocity: [1709263945.8951025,-1.5, 0.0, 0.0]
Velocity: [1709263945.931899,-1.5, 0.0, 0.0]
Velocity: [1709263945.9597208,-1.5, 0.0, 0.0]
Velocity: [1709263945.9992788,-1.5, 0.0, 0.0]
Velocity: [1709263946.021466,-1.5, 0.0, 0.0]
Velocity: [1709263946.0654345,-1.5, 0.0, 0.0]
Velocity: [1709263946.1010995,-1.5, 0.0, 0.0]
Velocity: [1709263946.1280565,-1.5, 0.0, 0.0]
Velocity: [1709263946.1521418,-1.5, 0.0, 0.0]
Velocity: [1709263946.1873612,-1.5, 0.0, 0.0]
Velocity: [1709263946.2271132,-1.5, 0.0, 0.0]
Velocity: [1709263946.2574737,-1.5, 0.0, 0.0]
Velocity: [1709263946.2829902,-1.5, 0.0, 0.0]
Velocity: [1709263946.3124197,-1.5, 0.0, 0.0]
Velocity: [1709263946.3532,-1.5, 0.0, 0.0]
Velocity: [1709263946.3832426,-1.5, 0.0, 0.0]
Velocity: [1709263946.414509,-1.5, 0.0, 0.0]
Velocity: [1709263946.445079,-1.5, 0.0, 0.0]
Velocity: [1709263946.4721868,-1.5, 0.0, 0.0]
Velocity: [1709263946.5048158,-1.5, 0.0, 0.0]
Velocity: [1709263946.5382323,-1.5, 0.0, 0.0]
Velocity: [1709263946.5696752,-1.5, 0.0, 0.0]
Velocity: [1709263946.604938,-1.5, 0.0, 0.0]
Velocity: [1709263946.637136,-1.5, 0.0, 0.0]
Velocity: [1709263946.6708074,-1.5, 0.0, 0.0]
Velocity: [1709263946.6992438,-1.5, 0.0, 0.0]
Velocity: [1709263946.7350962,-1.5, 0.0, 0.0]
Velocity: [1709263946.7612677,-1.5, 0.0, 0.0]
Velocity: [1709263946.8035264,-1.5, 0.0, 0.0]
Velocity: [1709263946.8243108,-1.5, 0.0, 0.0]
Velocity: [1709263946.8599162,-1.5, 0.0, 0.0]
Velocity: [1709263946.8949804,-1.5, 0.0, 0.0]
Velocity: [1709263946.9191442,-1.5, 0.0, 0.0]
Velocity: [1709263946.9526644,-1.5, 0.0, 0.0]
Velocity: [1709263946.985336,-1.5, 0.0, 0.0]
Velocity: [1709263947.0238142,-1.5, 0.0, 0.0]
Velocity: [1709263947.0521524,-1.5, 0.0, 0.0]
Velocity: [1709263947.0856233,-1.5, 0.0, 0.0]
Velocity: [1709263947.116077,-1.5, 0.0, 0.0]
Velocity: [1709263947.1452007,-1.5, 0.0, 0.0]
Velocity: [1709263947.1916072,-1.5, 0.0, 0.0]
Velocity: [1709263947.2172878,-1.5, 0.0, 0.0]
Velocity: [1709263947.2477083,-1.5, 0.0, 0.0]
Velocity: [1709263947.2928448,-1.5, 0.0, 0.0]
Velocity: [1709263947.3130748,-1.5, 0.0, 0.0]
Velocity: [1709263947.355219,-1.5, 0.0, 0.0]
Velocity: [1709263947.3777776,-1.5, 0.0, 0.0]
Velocity: [1709263947.415286,-1.5, 0.0, 0.0]
Velocity: [1709263947.4569027,-1.5, 0.0, 0.0]
Velocity: [1709263947.4863093,-1.5, 0.0, 0.0]
Velocity: [1709263947.5094666,-1.5, 0.0, 0.0]
Velocity: [1709263947.5472183,-1.5, 0.0, 0.0]
Velocity: [1709263947.5816154,-1.5, 0.0, 0.0]
Velocity: [1709263947.6214008,-1.5, 0.0, 0.0]
Velocity: [1709263947.644317,-1.5, 0.0, 0.0]
Velocity: [1709263947.6897,-1.5, 0.0, 0.0]
Velocity: [1709263947.6900482,0.0, 0.0, 0.0]
Velocity: [1709263947.8976843,0.0, 0.0, 0.0]
Velocity: [1709263948.0898986,0.0, 0.0, 0.0]
Velocity: [1709263948.3288522,0.0, 0.0, 0.0]
Velocity: [1709263948.549631,0.0, 0.0, 0.0]
Velocity: [1709263948.7579975,0.0, 0.0, 0.0]
Velocity: [1709263948.942422,0.0, 0.0, 0.0]
Velocity: [1709263949.277779,0.0, 0.0, 0.0]
Velocity: [1709263949.3438103,0.0, 0.0, 0.0]
Velocity: [1709263949.553821,0.0, 0.0, 0.0]
Velocity: [1709263949.7614655,0.0, 0.0, 0.0]
Velocity: [1709263949.9772358,0.0, 0.0, 0.0]
Velocity: [1709263950.1744733,0.0, 0.0, 0.0]
Velocity: [1709263950.3896317,0.0, 0.0, 0.0]
Velocity: [1709263950.5897193,0.0, 0.0, 0.0]
Velocity: [1709263950.7869768,0.0, 0.0, 0.0]
Velocity: [1709263951.0189831,0.0, 0.0, 0.0]
Velocity: [1709263951.2683382,0.0, 0.0, 0.0]
Velocity: [1709263951.4116452,0.0, 0.0, 0.0]
Velocity: [1709263951.818189,0.0, 0.0, 0.0]
Velocity: [1709263951.9700568,0.0, 0.0, 2.0]
Velocity: [1709263952.4697037,0.0, 0.0, 2.0]
Velocity: [1709263952.4886138,0.0, 0.0, 2.0]
Velocity: [1709263952.528606,0.0, 0.0, 2.0]
Velocity: [1709263952.5610108,0.0, 0.0, 2.0]
Velocity: [1709263952.6004345,0.0, 0.0, 2.0]
Velocity: [1709263952.6190624,0.0, 0.0, 2.0]
Velocity: [1709263952.6575084,0.0, 0.0, 2.0]
Velocity: [1709263952.687207,0.0, 0.0, 2.0]
Velocity: [1709263952.7281826,0.0, 0.0, 2.0]
Velocity: [1709263952.7491257,0.0, 0.0, 2.0]
Velocity: [1709263952.7802496,0.0, 0.0, 2.0]
Velocity: [1709263952.8181925,0.0, 0.0, 2.0]
Velocity: [1709263952.8411891,0.0, 0.0, 2.0]
Velocity: [1709263952.8838592,0.0, 0.0, 2.0]
Velocity: [1709263952.9218829,0.0, 0.0, 2.0]
Velocity: [1709263952.9450872,0.0, 0.0, 2.0]
Velocity: [1709263952.9818265,0.0, 0.0, 2.0]
Velocity: [1709263953.0086927,0.0, 0.0, 2.0]
Velocity: [1709263953.1851077,0.0, 0.0, 2.0]
Velocity: [1709263953.1857264,0.0, 0.0, 2.0]
Velocity: [1709263953.1860619,0.0, 0.0, 2.0]
Velocity: [1709263953.1882052,0.0, 0.0, 2.0]
Velocity: [1709263953.188558,0.0, 0.0, 2.0]
Velocity: [1709263953.2264338,0.0, 0.0, 2.0]
Velocity: [1709263953.2435243,0.0, 0.0, 2.0]
Velocity: [1709263953.2648828,0.0, 0.0, 2.0]
Velocity: [1709263953.305023,0.0, 0.0, 2.0]
Velocity: [1709263953.3326821,0.0, 0.0, 2.0]
Velocity: [1709263953.3668041,0.0, 0.0, 2.0]
Velocity: [1709263953.3953016,0.0, 0.0, 2.0]
Velocity: [1709263953.4302473,0.0, 0.0, 2.0]
Velocity: [1709263953.4547539,0.0, 0.0, 2.0]
Velocity: [1709263953.4894314,0.0, 0.0, 2.0]
Velocity: [1709263953.5250344,0.0, 0.0, 2.0]
Velocity: [1709263953.5519695,0.0, 0.0, 2.0]
Velocity: [1709263953.5928884,0.0, 0.0, 2.0]
Velocity: [1709263953.6236506,0.0, 0.0, 2.0]
Velocity: [1709263953.655094,0.0, 0.0, 2.0]
Velocity: [1709263953.687111,0.0, 0.0, 2.0]
Velocity: [1709263953.7095187,0.0, 0.0, 2.0]
Velocity: [1709263953.7398927,0.0, 0.0, 2.0]
Velocity: [1709263953.7728858,0.0, 0.0, 2.0]
Velocity: [1709263953.8138855,0.0, 0.0, 2.0]
Velocity: [1709263953.8331296,0.0, 0.0, 2.0]
Velocity: [1709263953.869578,0.0, 0.0, 2.0]
Velocity: [1709263953.9057498,0.0, 0.0, 2.0]
Velocity: [1709263953.9306295,0.0, 0.0, 2.0]
Velocity: [1709263953.9615836,0.0, 0.0, 2.0]
Velocity: [1709263953.989282,0.0, 0.0, 2.0]
Velocity: [1709263954.0265982,0.0, 0.0, 2.0]
Velocity: [1709263954.0661302,0.0, 0.0, 2.0]
Velocity: [1709263954.103571,0.0, 0.0, 2.0]
Velocity: [1709263954.133032,0.0, 0.0, 2.0]
Velocity: [1709263954.16193,0.0, 0.0, 2.0]
Velocity: [1709263954.2027376,0.0, 0.0, 2.0]
Velocity: [1709263954.2259939,0.0, 0.0, 2.0]
Velocity: [1709263954.2584665,0.0, 0.0, 2.0]
Velocity: [1709263954.3013365,0.0, 0.0, 2.0]
Velocity: [1709263954.3283064,0.0, 0.0, 2.0]
Velocity: [1709263954.3693862,0.0, 0.0, 2.0]
Velocity: [1709263954.3982627,0.0, 0.0, 2.0]
Velocity: [1709263954.4241877,0.0, 0.0, 2.0]
Velocity: [1709263954.4668515,0.0, 0.0, 2.0]
Velocity: [1709263954.4957657,0.0, 0.0, 2.0]
Velocity: [1709263954.5404706,0.0, 0.0, 2.0]
Velocity: [1709263954.5674698,0.0, 0.0, 2.0]
Velocity: [1709263954.5923297,0.0, 0.0, 2.0]
Velocity: [1709263954.6268637,0.0, 0.0, 2.0]
Velocity: [1709263954.6582787,0.0, 0.0, 2.0]
Velocity: [1709263954.6866424,0.0, 0.0, 2.0]
Velocity: [1709263954.7182899,0.0, 0.0, 2.0]
Velocity: [1709263954.7483425,0.0, 0.0, 2.0]
Velocity: [1709263954.7889447,0.0, 0.0, 2.0]
Velocity: [1709263954.807529,0.0, 0.0, 2.0]
Velocity: [1709263954.8467577,0.0, 0.0, 2.0]
Velocity: [1709263954.8692508,0.0, 0.0, 2.0]
Velocity: [1709263954.9031043,0.0, 0.0, 2.0]
Velocity: [1709263954.9363697,0.0, 0.0, 2.0]
Velocity: [1709263954.9693136,0.0, 0.0, 2.0]
Velocity: [1709263955.0193672,0.0, 0.0, 2.0]
Velocity: [1709263955.047961,0.0, 0.0, 2.0]
Velocity: [1709263955.0925918,0.0, 0.0, 2.0]
Velocity: [1709263955.1190045,0.0, 0.0, 2.0]
Velocity: [1709263955.1454194,0.0, 0.0, 2.0]
Velocity: [1709263955.1818314,0.0, 0.0, 2.0]
Velocity: [1709263955.2108169,0.0, 0.0, 2.0]
Velocity: [1709263955.2425537,0.0, 0.0, 2.0]
Velocity: [1709263955.2828984,0.0, 0.0, 2.0]
Velocity: [1709263955.3259356,0.0, 0.0, 2.0]
Velocity: [1709263955.3490644,0.0, 0.0, 2.0]
Velocity: [1709263955.398026,0.0, 0.0, 2.0]
Velocity: [1709263955.4298027,0.0, 0.0, 2.0]
Velocity: [1709263955.4632034,0.0, 0.0, 2.0]
Velocity: [1709263955.4868371,0.0, 0.0, 2.0]
Velocity: [1709263955.523469,0.0, 0.0, 2.0]
Velocity: [1709263955.5503402,0.0, 0.0, 2.0]
Velocity: [1709263955.5890367,0.0, 0.0, 2.0]
Velocity: [1709263955.61004,0.0, 0.0, 2.0]
Velocity: [1709263955.646207,0.0, 0.0, 2.0]
Velocity: [1709263955.6798184,0.0, 0.0, 2.0]
Velocity: [1709263955.7030547,0.0, 0.0, 2.0]
Velocity: [1709263955.7437327,0.0, 0.0, 2.0]
Velocity: [1709263955.7757714,0.0, 0.0, 2.0]
Velocity: [1709263955.8084517,0.0, 0.0, 2.0]
Velocity: [1709263955.839749,0.0, 0.0, 2.0]
Velocity: [1709263955.8718545,0.0, 0.0, 2.0]
Velocity: [1709263955.9014244,0.0, 0.0, 2.0]
Velocity: [1709263955.9390533,0.0, 0.0, 2.0]
Velocity: [1709263955.9824607,0.0, 0.0, 2.0]
Velocity: [1709263956.0247562,0.0, 0.0, 2.0]
Velocity: [1709263956.0596645,0.0, 0.0, 2.0]
Velocity: [1709263956.0837286,0.0, 0.0, 2.0]
Velocity: [1709263956.1200657,0.0, 0.0, 2.0]
Velocity: [1709263956.156007,0.0, 0.0, 2.0]
Velocity: [1709263956.174166,0.0, 0.0, 2.0]
Velocity: [1709263956.205796,0.0, 0.0, 2.0]
Velocity: [1709263956.2399018,0.0, 0.0, 2.0]
Velocity: [1709263956.268773,0.0, 0.0, 2.0]
Velocity: [1709263956.300085,0.0, 0.0, 2.0]
Velocity: [1709263956.3413737,0.0, 0.0, 2.0]
Velocity: [1709263956.3700771,0.0, 0.0, 2.0]
Velocity: [1709263956.4037442,0.0, 0.0, 2.0]
Velocity: [1709263956.43504,0.0, 0.0, 2.0]
Velocity: [1709263956.4664025,0.0, 0.0, 2.0]
Velocity: [1709263956.4986985,0.0, 0.0, 2.0]
Velocity: [1709263956.528959,0.0, 0.0, 2.0]
Velocity: [1709263956.5648308,0.0, 0.0, 2.0]
Velocity: [1709263956.5974336,0.0, 0.0, 2.0]
Velocity: [1709263956.6314864,0.0, 0.0, 2.0]
Velocity: [1709263956.6676507,0.0, 0.0, 2.0]
Velocity: [1709263956.6979175,0.0, 0.0, 2.0]
Velocity: [1709263956.722659,0.0, 0.0, 2.0]
Velocity: [1709263956.756017,0.0, 0.0, 2.0]
Velocity: [1709263956.7873828,0.0, 0.0, 2.0]
Velocity: [1709263956.8155577,0.0, 0.0, 2.0]
Velocity: [1709263956.8427505,0.0, 0.0, 2.0]
Velocity: [1709263956.8705838,0.0, 0.0, 2.0]
Velocity: [1709263956.9132419,0.0, 0.0, 2.0]
Velocity: [1709263956.9361048,0.0, 0.0, 2.0]
Velocity: [1709263956.9685645,0.0, 0.0, 2.0]
Velocity: [1709263956.9958642,0.0, 0.0, 2.0]
Velocity: [1709263957.0267448,0.0, 0.0, 2.0]
Velocity: [1709263957.0576384,0.0, 0.0, 2.0]
Velocity: [1709263957.0928607,0.0, 0.0, 2.0]
Velocity: [1709263957.12007,0.0, 0.0, 2.0]
Velocity: [1709263957.1848881,0.0, 0.0, 2.0]
Velocity: [1709263957.2128813,0.0, 0.0, 2.0]
Velocity: [1709263957.2411776,0.0, 0.0, 2.0]
Velocity: [1709263957.2730637,0.0, 0.0, 2.0]
Velocity: [1709263957.2986484,0.0, 0.0, 2.0]
Velocity: [1709263957.3324513,0.0, 0.0, 2.0]
Velocity: [1709263957.3654766,0.0, 0.0, 2.0]
Velocity: [1709263957.4069223,0.0, 0.0, 2.0]
Velocity: [1709263957.4404936,0.0, 0.0, 2.0]
Velocity: [1709263957.6157048,0.0, 0.0, 2.0]
Velocity: [1709263957.616163,0.0, 0.0, 2.0]
Velocity: [1709263957.6164796,0.0, 0.0, 2.0]
Velocity: [1709263957.6167004,0.0, 0.0, 2.0]
Velocity: [1709263957.6168966,0.0, 0.0, 2.0]
Velocity: [1709263957.6701658,0.0, 0.0, 2.0]
Velocity: [1709263957.6705167,0.0, 0.0, 2.0]
Velocity: [1709263957.6970015,0.0, 0.0, 2.0]
Velocity: [1709263957.7225268,0.0, 0.0, 2.0]
Velocity: [1709263957.7786448,0.0, 0.0, 2.0]
Velocity: [1709263957.8042655,0.0, 0.0, 2.0]
Velocity: [1709263957.8482764,0.0, 0.0, 2.0]
Velocity: [1709263957.8682399,0.0, 0.0, 2.0]
Velocity: [1709263957.906324,0.0, 0.0, 2.0]
Velocity: [1709263957.946819,0.0, 0.0, 2.0]
Velocity: [1709263957.9750426,0.0, 0.0, 2.0]
Velocity: [1709263958.0047112,0.0, 0.0, 2.0]
Velocity: [1709263958.0362916,0.0, 0.0, 2.0]
Velocity: [1709263958.0676763,0.0, 0.0, 2.0]
Velocity: [1709263958.1001325,0.0, 0.0, 2.0]
Velocity: [1709263958.1422243,0.0, 0.0, 2.0]
Velocity: [1709263958.1714373,0.0, 0.0, 2.0]
Velocity: [1709263958.1995854,0.0, 0.0, 2.0]
Velocity: [1709263958.2366362,0.0, 0.0, 2.0]
Velocity: [1709263958.2636528,0.0, 0.0, 2.0]
Velocity: [1709263958.312182,0.0, 0.0, 2.0]
Velocity: [1709263958.3472373,0.0, 0.0, 2.0]
Velocity: [1709263958.3709059,0.0, 0.0, 2.0]
Velocity: [1709263958.4068105,0.0, 0.0, 2.0]
Velocity: [1709263958.4439132,0.0, 0.0, 2.0]
Velocity: [1709263958.470245,0.0, 0.0, 2.0]
Velocity: [1709263958.509307,0.0, 0.0, 2.0]
Velocity: [1709263958.5440001,0.0, 0.0, 2.0]
Velocity: [1709263958.5732868,0.0, 0.0, 2.0]
Velocity: [1709263958.609414,0.0, 0.0, 2.0]
Velocity: [1709263958.6418488,0.0, 0.0, 2.0]
Velocity: [1709263958.6708035,0.0, 0.0, 2.0]
Velocity: [1709263958.7195323,0.0, 0.0, 2.0]
Velocity: [1709263958.747287,0.0, 0.0, 2.0]
Velocity: [1709263958.7793045,0.0, 0.0, 2.0]
Velocity: [1709263958.8083754,0.0, 0.0, 2.0]
Velocity: [1709263958.8483417,0.0, 0.0, 2.0]
Velocity: [1709263958.8776941,0.0, 0.0, 2.0]
Velocity: [1709263958.922245,0.0, 0.0, 2.0]
Velocity: [1709263958.9629095,0.0, 0.0, 2.0]
Velocity: [1709263958.9906242,0.0, 0.0, 2.0]
Velocity: [1709263959.0332549,0.0, 0.0, 2.0]
Velocity: [1709263959.0589406,0.0, 0.0, 2.0]
Velocity: [1709263959.1061518,0.0, 0.0, 2.0]
Velocity: [1709263959.1248798,0.0, 0.0, 2.0]
Velocity: [1709263959.1614313,0.0, 0.0, 2.0]
Velocity: [1709263959.1915512,0.0, 0.0, 2.0]
Velocity: [1709263959.226457,0.0, 0.0, 2.0]
Velocity: [1709263959.2613623,0.0, 0.0, 2.0]
Velocity: [1709263959.2910817,0.0, 0.0, 2.0]
Velocity: [1709263959.3224416,0.0, 0.0, 2.0]
Velocity: [1709263959.3676572,0.0, 0.0, 2.0]
Velocity: [1709263959.400479,0.0, 0.0, 2.0]
Velocity: [1709263959.4191852,0.0, 0.0, 2.0]
Velocity: [1709263959.4488344,0.0, 0.0, 2.0]
Velocity: [1709263959.4855602,0.0, 0.0, 2.0]
Velocity: [1709263959.521145,0.0, 0.0, 2.0]
Velocity: [1709263959.5487466,0.0, 0.0, 2.0]
Velocity: [1709263959.5873592,0.0, 0.0, 2.0]
Velocity: [1709263959.609985,0.0, 0.0, 2.0]
Velocity: [1709263959.6436915,0.0, 0.0, 2.0]
Velocity: [1709263959.6744323,0.0, 0.0, 2.0]
Velocity: [1709263959.7132885,0.0, 0.0, 2.0]
Velocity: [1709263959.7411306,0.0, 0.0, 2.0]
Velocity: [1709263959.7797563,0.0, 0.0, 2.0]
Velocity: [1709263959.8082871,0.0, 0.0, 2.0]
Velocity: [1709263959.8405979,0.0, 0.0, 2.0]
Velocity: [1709263959.8775096,0.0, 0.0, 2.0]
Velocity: [1709263959.9201658,0.0, 0.0, 2.0]
Velocity: [1709263959.9508846,0.0, 0.0, 2.0]
Velocity: [1709263959.983075,0.0, 0.0, 2.0]
Velocity: [1709263960.0199068,0.0, 0.0, 2.0]
Velocity: [1709263960.0439582,0.0, 0.0, 2.0]
Velocity: [1709263960.0759463,0.0, 0.0, 2.0]
Velocity: [1709263960.116886,0.0, 0.0, 2.0]
Velocity: [1709263960.136329,0.0, 0.0, 2.0]
Velocity: [1709263960.1682296,0.0, 0.0, 2.0]
Velocity: [1709263960.2065241,0.0, 0.0, 2.0]
Velocity: [1709263960.243124,0.0, 0.0, 2.0]
Velocity: [1709263960.2743535,0.0, 0.0, 2.0]
Velocity: [1709263960.3036065,0.0, 0.0, 2.0]
Velocity: [1709263960.3502998,0.0, 0.0, 2.0]
Velocity: [1709263960.3930135,0.0, 0.0, 2.0]
Velocity: [1709263960.4150195,0.0, 0.0, 2.0]
Velocity: [1709263960.4523144,0.0, 0.0, 2.0]
Velocity: [1709263960.4902635,0.0, 0.0, 2.0]
Velocity: [1709263960.5096123,0.0, 0.0, 2.0]
Velocity: [1709263960.5477564,0.0, 0.0, 2.0]
Velocity: [1709263960.5801263,0.0, 0.0, 2.0]
Velocity: [1709263960.6323237,0.0, 0.0, 2.0]
Velocity: [1709263960.6550741,0.0, 0.0, 2.0]
Velocity: [1709263960.689114,0.0, 0.0, 2.0]
Velocity: [1709263960.7302125,0.0, 0.0, 2.0]
Velocity: [1709263960.7529705,0.0, 0.0, 2.0]
Velocity: [1709263960.790285,0.0, 0.0, 2.0]
Velocity: [1709263960.8308525,0.0, 0.0, 2.0]
Velocity: [1709263960.8485882,0.0, 0.0, 2.0]
Velocity: [1709263960.882176,0.0, 0.0, 2.0]
Velocity: [1709263960.9158494,0.0, 0.0, 2.0]
Velocity: [1709263960.9449482,0.0, 0.0, 2.0]
Velocity: [1709263960.9751122,0.0, 0.0, 2.0]
Velocity: [1709263961.0102456,0.0, 0.0, 2.0]
Velocity: [1709263961.043427,0.0, 0.0, 2.0]
Velocity: [1709263961.082096,0.0, 0.0, 2.0]
Velocity: [1709263961.1547983,0.0, 0.0, 2.0]
Velocity: [1709263961.1551201,0.0, 0.0, 0.0]
Velocity: [1709263961.3005333,0.0, 0.0, 0.0]
Velocity: [1709263961.5274215,0.0, 0.0, 0.0]
Velocity: [1709263961.784962,0.0, 0.0, 0.0]
Velocity: [1709263961.9451041,0.0, 0.0, 0.0]
Velocity: [1709263962.1712725,0.0, 0.0, 0.0]
Velocity: [1709263962.3785253,0.0, 0.0, 0.0]
Velocity: [1709263962.5977163,0.0, 0.0, 0.0]
Velocity: [1709263962.8203971,0.0, 0.0, 0.0]
Velocity: [1709263963.0576944,0.0, 0.0, 0.0]
Velocity: [1709263963.2461019,0.0, 0.0, 0.0]
Velocity: [1709263963.4532275,0.0, 0.0, 0.0]
Velocity: [1709263963.693307,0.0, 0.0, 0.0]
Velocity: [1709263963.848323,0.0, 0.0, 0.0]
Velocity: [1709263964.0369503,0.0, 0.0, 0.0]
Velocity: [1709263964.2777896,0.0, 0.0, 0.0]
Velocity: [1709263964.5135796,0.0, 0.0, 0.0]
Velocity: [1709263964.6663702,0.0, 0.0, 0.0]
Velocity: [1709263964.862628,0.0, 0.0, 0.0]
Velocity: [1709263965.3782203,0.0, 0.0, 0.0]
Velocity: [1709263965.6186578,0.0, 0.0, 0.0]
Velocity: [1709263965.8205457,0.0, 0.0, 0.0]
Velocity: [1709263966.057891,0.0, 0.0, 0.0]
