Velocity: [1709264641.5602584,1.5, 0.0, 0.0]
Velocity: [1709264641.9675422,0.0, 0.0, 0.0]
Velocity: [1709264642.175969,0.0, 0.0, 0.0]
Velocity: [1709264642.3276448,1.5, 0.0, 0.0]
Velocity: [1709264642.8255992,1.5, 0.0, 0.0]
Velocity: [1709264642.8973918,1.5, 0.0, 0.0]
Velocity: [1709264642.9291363,1.5, 0.0, 0.0]
Velocity: [1709264642.9791741,1.5, 0.0, 0.0]
Velocity: [1709264642.9998426,1.5, 0.0, 0.0]
Velocity: [1709264643.0371828,1.5, 0.0, 0.0]
Velocity: [1709264643.0740163,1.5, 0.0, 0.0]
Velocity: [1709264643.1060328,1.5, 0.0, 0.0]
Velocity: [1709264643.1424913,1.5, 0.0, 0.0]
Velocity: [1709264643.170462,1.5, 0.0, 0.0]
Velocity: [1709264643.19961,1.5, 0.0, 0.0]
Velocity: [1709264643.2444437,1.5, 0.0, 0.0]
Velocity: [1709264643.262355,1.5, 0.0, 0.0]
Velocity: [1709264643.304047,1.5, 0.0, 0.0]
Velocity: [1709264643.342959,1.5, 0.0, 0.0]
Velocity: [1709264643.3660753,1.5, 0.0, 0.0]
Velocity: [1709264643.3999424,1.5, 0.0, 0.0]
Velocity: [1709264643.4259138,1.5, 0.0, 0.0]
Velocity: [1709264643.458387,1.5, 0.0, 0.0]
Velocity: [1709264643.494507,1.5, 0.0, 0.0]
Velocity: [1709264643.544599,1.5, 0.0, 0.0]
Velocity: [1709264643.564782,1.5, 0.0, 0.0]
Velocity: [1709264643.5977187,1.5, 0.0, 0.0]
Velocity: [1709264643.6339886,1.5, 0.0, 0.0]
Velocity: [1709264643.660234,1.5, 0.0, 0.0]
Velocity: [1709264643.6893778,1.5, 0.0, 0.0]
Velocity: [1709264643.7310052,1.5, 0.0, 0.0]
Velocity: [1709264643.7564077,1.5, 0.0, 0.0]
Velocity: [1709264643.7791252,1.5, 0.0, 0.0]
Velocity: [1709264643.8124905,1.5, 0.0, 0.0]
Velocity: [1709264643.8488467,1.5, 0.0, 0.0]
Velocity: [1709264643.9119833,1.5, 0.0, 0.0]
Velocity: [1709264643.9349844,1.5, 0.0, 0.0]
Velocity: [1709264643.956078,1.5, 0.0, 0.0]
Velocity: [1709264643.9932144,1.5, 0.0, 0.0]
Velocity: [1709264644.0240605,1.5, 0.0, 0.0]
Velocity: [1709264644.0518296,1.5, 0.0, 0.0]
Velocity: [1709264644.076318,1.5, 0.0, 0.0]
Velocity: [1709264644.1432471,1.5, 0.0, 0.0]
Velocity: [1709264644.1798058,1.5, 0.0, 0.0]
Velocity: [1709264644.1890078,1.5, 0.0, 0.0]
Velocity: [1709264644.2228045,1.5, 0.0, 0.0]
Velocity: [1709264644.256879,1.5, 0.0, 0.0]
Velocity: [1709264644.304906,1.5, 0.0, 0.0]
Velocity: [1709264644.3339534,1.5, 0.0, 0.0]
Velocity: [1709264644.3596818,1.5, 0.0, 0.0]
Velocity: [1709264644.3849857,1.5, 0.0, 0.0]
Velocity: [1709264644.4169068,1.5, 0.0, 0.0]
Velocity: [1709264644.456427,1.5, 0.0, 0.0]
Velocity: [1709264644.4906104,1.5, 0.0, 0.0]
Velocity: [1709264644.5087643,1.5, 0.0, 0.0]
Velocity: [1709264644.5401263,1.5, 0.0, 0.0]
Velocity: [1709264644.5797722,1.5, 0.0, 0.0]
Velocity: [1709264644.6069653,1.5, 0.0, 0.0]
Velocity: [1709264644.6334288,1.5, 0.0, 0.0]
Velocity: [1709264644.662924,1.5, 0.0, 0.0]
Velocity: [1709264644.6983764,1.5, 0.0, 0.0]
Velocity: [1709264644.7323287,1.5, 0.0, 0.0]
Velocity: [1709264644.7579837,1.5, 0.0, 0.0]
Velocity: [1709264644.8002832,1.5, 0.0, 0.0]
Velocity: [1709264644.8244731,1.5, 0.0, 0.0]
Velocity: [1709264644.8553426,1.5, 0.0, 0.0]
Velocity: [1709264644.893958,1.5, 0.0, 0.0]
Velocity: [1709264644.923031,1.5, 0.0, 0.0]
Velocity: [1709264644.9603572,1.5, 0.0, 0.0]
Velocity: [1709264644.9848742,1.5, 0.0, 0.0]
Velocity: [1709264645.0179448,1.5, 0.0, 0.0]
Velocity: [1709264645.0577624,1.5, 0.0, 0.0]
Velocity: [1709264645.0967538,1.5, 0.0, 0.0]
Velocity: [1709264645.128626,1.5, 0.0, 0.0]
Velocity: [1709264645.1672256,1.5, 0.0, 0.0]
Velocity: [1709264645.193704,1.5, 0.0, 0.0]
Velocity: [1709264645.2361395,1.5, 0.0, 0.0]
Velocity: [1709264645.2606108,1.5, 0.0, 0.0]
Velocity: [1709264645.2948635,1.5, 0.0, 0.0]
Velocity: [1709264645.331143,1.5, 0.0, 0.0]
Velocity: [1709264645.3576078,1.5, 0.0, 0.0]
Velocity: [1709264645.4045532,1.5, 0.0, 0.0]
Velocity: [1709264645.4303067,1.5, 0.0, 0.0]
Velocity: [1709264645.4578762,1.5, 0.0, 0.0]
Velocity: [1709264645.507485,1.5, 0.0, 0.0]
Velocity: [1709264645.5397253,1.5, 0.0, 0.0]
Velocity: [1709264645.5748045,1.5, 0.0, 0.0]
Velocity: [1709264645.6119652,1.5, 0.0, 0.0]
Velocity: [1709264645.650471,1.5, 0.0, 0.0]
Velocity: [1709264645.7024035,1.5, 0.0, 0.0]
Velocity: [1709264645.727835,1.5, 0.0, 0.0]
Velocity: [1709264645.7539093,1.5, 0.0, 0.0]
Velocity: [1709264645.784572,1.5, 0.0, 0.0]
Velocity: [1709264645.814383,1.5, 0.0, 0.0]
Velocity: [1709264645.8385894,1.5, 0.0, 0.0]
Velocity: [1709264645.870406,1.5, 0.0, 0.0]
Velocity: [1709264645.9210691,1.5, 0.0, 0.0]
Velocity: [1709264645.9451337,1.5, 0.0, 0.0]
Velocity: [1709264645.972407,1.5, 0.0, 0.0]
Velocity: [1709264646.0174162,1.5, 0.0, 0.0]
Velocity: [1709264646.0457788,1.5, 0.0, 0.0]
Velocity: [1709264646.0702252,1.5, 0.0, 0.0]
Velocity: [1709264646.102644,1.5, 0.0, 0.0]
Velocity: [1709264646.1378431,1.5, 0.0, 0.0]
Velocity: [1709264646.1799667,1.5, 0.0, 0.0]
Velocity: [1709264646.2259452,1.5, 0.0, 0.0]
Velocity: [1709264646.2485747,1.5, 0.0, 0.0]
Velocity: [1709264646.2808723,1.5, 0.0, 0.0]
Velocity: [1709264646.315052,1.5, 0.0, 0.0]
Velocity: [1709264646.3539324,1.5, 0.0, 0.0]
Velocity: [1709264646.3856146,1.5, 0.0, 0.0]
Velocity: [1709264646.570274,1.5, 0.0, 0.0]
Velocity: [1709264646.5707772,1.5, 0.0, 0.0]
Velocity: [1709264646.571186,1.5, 0.0, 0.0]
Velocity: [1709264646.5715299,1.5, 0.0, 0.0]
Velocity: [1709264646.571893,1.5, 0.0, 0.0]
Velocity: [1709264646.6471708,1.5, 0.0, 0.0]
Velocity: [1709264646.6474867,1.5, 0.0, 0.0]
Velocity: [1709264646.68164,1.5, 0.0, 0.0]
Velocity: [1709264646.7068393,1.5, 0.0, 0.0]
Velocity: [1709264646.744836,1.5, 0.0, 0.0]
Velocity: [1709264646.7658267,1.5, 0.0, 0.0]
Velocity: [1709264646.8020556,1.5, 0.0, 0.0]
Velocity: [1709264646.8326993,1.5, 0.0, 0.0]
Velocity: [1709264646.8628263,1.5, 0.0, 0.0]
Velocity: [1709264646.908368,1.5, 0.0, 0.0]
Velocity: [1709264646.9424264,1.5, 0.0, 0.0]
Velocity: [1709264646.968993,1.5, 0.0, 0.0]
Velocity: [1709264646.9888592,1.5, 0.0, 0.0]
Velocity: [1709264647.0312526,1.5, 0.0, 0.0]
Velocity: [1709264647.0730267,1.5, 0.0, 0.0]
Velocity: [1709264647.0984015,1.5, 0.0, 0.0]
Velocity: [1709264647.1325471,1.5, 0.0, 0.0]
Velocity: [1709264647.1641145,1.5, 0.0, 0.0]
Velocity: [1709264647.1926308,1.5, 0.0, 0.0]
Velocity: [1709264647.2367742,1.5, 0.0, 0.0]
Velocity: [1709264647.2731009,1.5, 0.0, 0.0]
Velocity: [1709264647.3028193,1.5, 0.0, 0.0]
Velocity: [1709264647.360089,1.5, 0.0, 0.0]
Velocity: [1709264647.3804314,1.5, 0.0, 0.0]
Velocity: [1709264647.411671,1.5, 0.0, 0.0]
Velocity: [1709264647.4275727,1.5, 0.0, 0.0]
Velocity: [1709264647.4825926,1.5, 0.0, 0.0]
Velocity: [1709264647.4984515,1.5, 0.0, 0.0]
Velocity: [1709264647.577861,1.5, 0.0, 0.0]
Velocity: [1709264647.6081018,1.5, 0.0, 0.0]
Velocity: [1709264647.6381774,1.5, 0.0, 0.0]
Velocity: [1709264647.6645608,1.5, 0.0, 0.0]
Velocity: [1709264647.700866,1.5, 0.0, 0.0]
Velocity: [1709264647.7300694,1.5, 0.0, 0.0]
Velocity: [1709264647.766713,1.5, 0.0, 0.0]
Velocity: [1709264647.7996588,1.5, 0.0, 0.0]
Velocity: [1709264647.8357608,1.5, 0.0, 0.0]
Velocity: [1709264647.8849425,1.5, 0.0, 0.0]
Velocity: [1709264647.9119525,1.5, 0.0, 0.0]
Velocity: [1709264647.9271107,1.5, 0.0, 0.0]
Velocity: [1709264647.976384,1.5, 0.0, 0.0]
Velocity: [1709264648.003152,1.5, 0.0, 0.0]
Velocity: [1709264648.0298398,1.5, 0.0, 0.0]
Velocity: [1709264648.0601292,1.5, 0.0, 0.0]
Velocity: [1709264648.0961099,1.5, 0.0, 0.0]
Velocity: [1709264648.1323087,1.5, 0.0, 0.0]
Velocity: [1709264648.1632206,1.5, 0.0, 0.0]
Velocity: [1709264648.1875317,1.5, 0.0, 0.0]
Velocity: [1709264648.23976,1.5, 0.0, 0.0]
Velocity: [1709264648.2563388,1.5, 0.0, 0.0]
Velocity: [1709264648.2914078,1.5, 0.0, 0.0]
Velocity: [1709264648.3197665,1.5, 0.0, 0.0]
Velocity: [1709264648.355558,1.5, 0.0, 0.0]
Velocity: [1709264648.3860698,1.5, 0.0, 0.0]
Velocity: [1709264648.416871,1.5, 0.0, 0.0]
Velocity: [1709264648.446917,1.5, 0.0, 0.0]
Velocity: [1709264648.4843075,1.5, 0.0, 0.0]
Velocity: [1709264648.5136828,1.5, 0.0, 0.0]
Velocity: [1709264648.556064,1.5, 0.0, 0.0]
Velocity: [1709264648.5798247,1.5, 0.0, 0.0]
Velocity: [1709264648.630784,1.5, 0.0, 0.0]
Velocity: [1709264648.6639452,1.5, 0.0, 0.0]
Velocity: [1709264648.689653,1.5, 0.0, 0.0]
Velocity: [1709264648.730614,1.5, 0.0, 0.0]
Velocity: [1709264648.756245,1.5, 0.0, 0.0]
Velocity: [1709264648.7903073,1.5, 0.0, 0.0]
Velocity: [1709264648.8364365,1.5, 0.0, 0.0]
Velocity: [1709264648.8511193,1.5, 0.0, 0.0]
Velocity: [1709264648.883975,1.5, 0.0, 0.0]
Velocity: [1709264648.9407926,1.5, 0.0, 0.0]
Velocity: [1709264648.966126,1.5, 0.0, 0.0]
Velocity: [1709264648.992916,1.5, 0.0, 0.0]
Velocity: [1709264649.0210042,1.5, 0.0, 0.0]
Velocity: [1709264649.0574718,1.5, 0.0, 0.0]
Velocity: [1709264649.0913894,1.5, 0.0, 0.0]
Velocity: [1709264649.1397212,1.5, 0.0, 0.0]
Velocity: [1709264649.1759787,1.5, 0.0, 0.0]
Velocity: [1709264649.2045968,1.5, 0.0, 0.0]
Velocity: [1709264649.2596574,1.5, 0.0, 0.0]
Velocity: [1709264649.2845242,1.5, 0.0, 0.0]
Velocity: [1709264649.3127506,1.5, 0.0, 0.0]
Velocity: [1709264649.3493268,1.5, 0.0, 0.0]
Velocity: [1709264649.3714597,1.5, 0.0, 0.0]
Velocity: [1709264649.409619,1.5, 0.0, 0.0]
Velocity: [1709264649.459934,1.5, 0.0, 0.0]
Velocity: [1709264649.4805532,1.5, 0.0, 0.0]
Velocity: [1709264649.5245948,1.5, 0.0, 0.0]
Velocity: [1709264649.549347,1.5, 0.0, 0.0]
Velocity: [1709264649.576446,1.5, 0.0, 0.0]
Velocity: [1709264649.62559,1.5, 0.0, 0.0]
Velocity: [1709264649.6576498,1.5, 0.0, 0.0]
Velocity: [1709264649.6875112,1.5, 0.0, 0.0]
Velocity: [1709264649.7113364,1.5, 0.0, 0.0]
Velocity: [1709264649.733768,0.0, 0.0, 0.0]
Velocity: [1709264649.9686165,0.0, 0.0, 0.0]
Velocity: [1709264650.2101018,0.0, 0.0, 0.0]
Velocity: [1709264650.4295201,0.0, 0.0, 0.0]
Velocity: [1709264650.6342406,0.0, 0.0, 0.0]
Velocity: [1709264651.031554,0.0, 0.0, 0.0]
Velocity: [1709264651.3005059,0.0, 0.0, 0.0]
Velocity: [1709264651.5061514,0.0, 0.0, 0.0]
Velocity: [1709264651.731781,0.0, 0.0, 0.0]
Velocity: [1709264651.9896405,0.0, 0.0, 0.0]
Velocity: [1709264652.2581127,0.0, 0.0, 0.0]
Velocity: [1709264652.3984694,0.0, 0.0, 2.0]
Velocity: [1709264652.9000497,0.0, 0.0, 2.0]
Velocity: [1709264652.9317987,0.0, 0.0, 2.0]
Velocity: [1709264652.9688451,0.0, 0.0, 2.0]
Velocity: [1709264653.0128567,0.0, 0.0, 2.0]
Velocity: [1709264653.0347292,0.0, 0.0, 2.0]
Velocity: [1709264653.075223,0.0, 0.0, 2.0]
Velocity: [1709264653.0962276,0.0, 0.0, 2.0]
Velocity: [1709264653.132137,0.0, 0.0, 2.0]
Velocity: [1709264653.1658885,0.0, 0.0, 2.0]
Velocity: [1709264653.191222,0.0, 0.0, 2.0]
Velocity: [1709264653.219492,0.0, 0.0, 2.0]
Velocity: [1709264653.2491436,0.0, 0.0, 2.0]
Velocity: [1709264653.2769787,0.0, 0.0, 2.0]
Velocity: [1709264653.3242266,0.0, 0.0, 2.0]
Velocity: [1709264653.3491,0.0, 0.0, 2.0]
Velocity: [1709264653.38194,0.0, 0.0, 2.0]
Velocity: [1709264653.417201,0.0, 0.0, 2.0]
Velocity: [1709264653.4413528,0.0, 0.0, 2.0]
Velocity: [1709264653.4855263,0.0, 0.0, 2.0]
Velocity: [1709264653.5264137,0.0, 0.0, 2.0]
Velocity: [1709264653.5635955,0.0, 0.0, 2.0]
Velocity: [1709264653.5818152,0.0, 0.0, 2.0]
Velocity: [1709264653.6106713,0.0, 0.0, 2.0]
Velocity: [1709264653.6566136,0.0, 0.0, 2.0]
Velocity: [1709264653.6901531,0.0, 0.0, 2.0]
Velocity: [1709264653.7147033,0.0, 0.0, 2.0]
Velocity: [1709264653.7445781,0.0, 0.0, 2.0]
Velocity: [1709264653.7773197,0.0, 0.0, 2.0]
Velocity: [1709264653.806819,0.0, 0.0, 2.0]
Velocity: [1709264653.8564506,0.0, 0.0, 2.0]
Velocity: [1709264653.874251,0.0, 0.0, 2.0]
Velocity: [1709264653.9240947,0.0, 0.0, 2.0]
Velocity: [1709264653.953453,0.0, 0.0, 2.0]
Velocity: [1709264653.9870784,0.0, 0.0, 2.0]
Velocity: [1709264654.0095153,0.0, 0.0, 2.0]
Velocity: [1709264654.0513487,0.0, 0.0, 2.0]
Velocity: [1709264654.0776904,0.0, 0.0, 2.0]
Velocity: [1709264654.1117005,0.0, 0.0, 2.0]
Velocity: [1709264654.1433208,0.0, 0.0, 2.0]
Velocity: [1709264654.1772568,0.0, 0.0, 2.0]
Velocity: [1709264654.2034144,0.0, 0.0, 2.0]
Velocity: [1709264654.2401474,0.0, 0.0, 2.0]
Velocity: [1709264654.2820642,0.0, 0.0, 2.0]
Velocity: [1709264654.2924652,0.0, 0.0, 2.0]
Velocity: [1709264654.324487,0.0, 0.0, 2.0]
Velocity: [1709264654.367122,0.0, 0.0, 2.0]
Velocity: [1709264654.4033976,0.0, 0.0, 2.0]
Velocity: [1709264654.452727,0.0, 0.0, 2.0]
Velocity: [1709264654.4703739,0.0, 0.0, 2.0]
Velocity: [1709264654.5011075,0.0, 0.0, 2.0]
Velocity: [1709264654.5429692,0.0, 0.0, 2.0]
Velocity: [1709264654.580594,0.0, 0.0, 2.0]
Velocity: [1709264654.6150613,0.0, 0.0, 2.0]
Velocity: [1709264654.6409075,0.0, 0.0, 2.0]
Velocity: [1709264654.641735,0.0, 0.0, 0.0]
Velocity: [1709264654.8738403,0.0, 0.0, 0.0]
Velocity: [1709264654.9538748,0.0, 0.0, 2.0]
Velocity: [1709264655.4750934,0.0, 0.0, 2.0]
Velocity: [1709264655.5116868,0.0, 0.0, 2.0]
Velocity: [1709264655.5354865,0.0, 0.0, 2.0]
Velocity: [1709264655.5678072,0.0, 0.0, 2.0]
Velocity: [1709264655.605092,0.0, 0.0, 2.0]
Velocity: [1709264655.6608455,0.0, 0.0, 2.0]
Velocity: [1709264655.6789472,0.0, 0.0, 2.0]
Velocity: [1709264655.7117705,0.0, 0.0, 2.0]
Velocity: [1709264655.7415028,0.0, 0.0, 2.0]
Velocity: [1709264655.7703197,0.0, 0.0, 2.0]
Velocity: [1709264655.8100345,0.0, 0.0, 2.0]
Velocity: [1709264655.8416002,0.0, 0.0, 2.0]
Velocity: [1709264655.8649812,0.0, 0.0, 2.0]
Velocity: [1709264655.926565,0.0, 0.0, 2.0]
Velocity: [1709264655.940099,0.0, 0.0, 2.0]
Velocity: [1709264655.9886386,0.0, 0.0, 2.0]
Velocity: [1709264656.0120735,0.0, 0.0, 2.0]
Velocity: [1709264656.0586977,0.0, 0.0, 2.0]
Velocity: [1709264656.0991595,0.0, 0.0, 2.0]
Velocity: [1709264656.1465616,0.0, 0.0, 2.0]
Velocity: [1709264656.1892934,0.0, 0.0, 2.0]
Velocity: [1709264656.2127557,0.0, 0.0, 2.0]
Velocity: [1709264656.2384245,0.0, 0.0, 2.0]
Velocity: [1709264656.2755182,0.0, 0.0, 2.0]
Velocity: [1709264656.3094597,0.0, 0.0, 2.0]
Velocity: [1709264656.338984,0.0, 0.0, 2.0]
Velocity: [1709264656.3788602,0.0, 0.0, 2.0]
Velocity: [1709264656.4027693,0.0, 0.0, 2.0]
Velocity: [1709264656.439393,0.0, 0.0, 2.0]
Velocity: [1709264656.4855552,0.0, 0.0, 2.0]
Velocity: [1709264656.5171776,0.0, 0.0, 2.0]
Velocity: [1709264656.5421207,0.0, 0.0, 2.0]
Velocity: [1709264656.5673742,0.0, 0.0, 2.0]
Velocity: [1709264656.5984225,0.0, 0.0, 2.0]
Velocity: [1709264656.6416538,0.0, 0.0, 2.0]
Velocity: [1709264656.6705444,0.0, 0.0, 2.0]
Velocity: [1709264656.7156308,0.0, 0.0, 2.0]
Velocity: [1709264656.743412,0.0, 0.0, 2.0]
Velocity: [1709264656.7649179,0.0, 0.0, 2.0]
Velocity: [1709264656.7926428,0.0, 0.0, 2.0]
Velocity: [1709264657.021266,0.0, 0.0, 2.0]
Velocity: [1709264657.0222316,0.0, 0.0, 2.0]
Velocity: [1709264657.0227342,0.0, 0.0, 2.0]
Velocity: [1709264657.0230799,0.0, 0.0, 2.0]
Velocity: [1709264657.0233378,0.0, 0.0, 2.0]
Velocity: [1709264657.0236459,0.0, 0.0, 2.0]
Velocity: [1709264657.0239558,0.0, 0.0, 2.0]
Velocity: [1709264657.086837,0.0, 0.0, 2.0]
Velocity: [1709264657.0870469,0.0, 0.0, 2.0]
Velocity: [1709264657.1204474,0.0, 0.0, 2.0]
Velocity: [1709264657.1648638,0.0, 0.0, 2.0]
Velocity: [1709264657.1887808,0.0, 0.0, 2.0]
Velocity: [1709264657.2225902,0.0, 0.0, 2.0]
Velocity: [1709264657.2576115,0.0, 0.0, 2.0]
Velocity: [1709264657.285504,0.0, 0.0, 2.0]
Velocity: [1709264657.3126163,0.0, 0.0, 2.0]
Velocity: [1709264657.3456,0.0, 0.0, 2.0]
Velocity: [1709264657.376662,0.0, 0.0, 2.0]
Velocity: [1709264657.411342,0.0, 0.0, 2.0]
Velocity: [1709264657.4449942,0.0, 0.0, 2.0]
Velocity: [1709264657.497095,0.0, 0.0, 2.0]
Velocity: [1709264657.5171876,0.0, 0.0, 2.0]
Velocity: [1709264657.5546405,0.0, 0.0, 2.0]
Velocity: [1709264657.5995395,0.0, 0.0, 2.0]
Velocity: [1709264657.6289556,0.0, 0.0, 2.0]
Velocity: [1709264657.6671004,0.0, 0.0, 2.0]
Velocity: [1709264657.6980839,0.0, 0.0, 2.0]
Velocity: [1709264657.7466958,0.0, 0.0, 2.0]
Velocity: [1709264657.7660782,0.0, 0.0, 2.0]
Velocity: [1709264657.8057594,0.0, 0.0, 2.0]
Velocity: [1709264657.8425634,0.0, 0.0, 2.0]
Velocity: [1709264657.8658628,0.0, 0.0, 2.0]
Velocity: [1709264657.9225724,0.0, 0.0, 2.0]
Velocity: [1709264657.9862323,0.0, 0.0, 2.0]
Velocity: [1709264658.03754,0.0, 0.0, 2.0]
Velocity: [1709264658.0759315,0.0, 0.0, 2.0]
Velocity: [1709264658.1544778,0.0, 0.0, 2.0]
Velocity: [1709264658.1941664,0.0, 0.0, 2.0]
Velocity: [1709264658.2282221,0.0, 0.0, 2.0]
Velocity: [1709264658.2473056,0.0, 0.0, 2.0]
Velocity: [1709264658.2847698,0.0, 0.0, 2.0]
Velocity: [1709264658.3141375,0.0, 0.0, 2.0]
Velocity: [1709264658.3744216,0.0, 0.0, 2.0]
Velocity: [1709264658.3864956,0.0, 0.0, 2.0]
Velocity: [1709264658.4319077,0.0, 0.0, 2.0]
Velocity: [1709264658.456161,0.0, 0.0, 2.0]
Velocity: [1709264658.48147,0.0, 0.0, 2.0]
Velocity: [1709264658.519004,0.0, 0.0, 2.0]
Velocity: [1709264658.5435286,0.0, 0.0, 2.0]
Velocity: [1709264658.5785263,0.0, 0.0, 2.0]
Velocity: [1709264658.6091459,0.0, 0.0, 2.0]
Velocity: [1709264658.6383858,0.0, 0.0, 2.0]
Velocity: [1709264658.6725683,0.0, 0.0, 2.0]
Velocity: [1709264658.7163475,0.0, 0.0, 2.0]
Velocity: [1709264658.7455819,0.0, 0.0, 2.0]
Velocity: [1709264658.784006,0.0, 0.0, 2.0]
Velocity: [1709264658.812016,0.0, 0.0, 2.0]
Velocity: [1709264658.8505452,0.0, 0.0, 2.0]
Velocity: [1709264658.8680968,0.0, 0.0, 2.0]
Velocity: [1709264658.924828,0.0, 0.0, 2.0]
Velocity: [1709264658.9538357,0.0, 0.0, 2.0]
Velocity: [1709264658.9782348,0.0, 0.0, 2.0]
Velocity: [1709264659.0041833,0.0, 0.0, 2.0]
Velocity: [1709264659.0367398,0.0, 0.0, 2.0]
Velocity: [1709264659.0655227,0.0, 0.0, 2.0]
Velocity: [1709264659.0977411,0.0, 0.0, 2.0]
Velocity: [1709264659.1662958,0.0, 0.0, 2.0]
Velocity: [1709264659.183913,0.0, 0.0, 2.0]
Velocity: [1709264659.221348,0.0, 0.0, 2.0]
Velocity: [1709264659.2589376,0.0, 0.0, 2.0]
Velocity: [1709264659.3030446,0.0, 0.0, 2.0]
Velocity: [1709264659.3295035,0.0, 0.0, 2.0]
Velocity: [1709264659.3742936,0.0, 0.0, 2.0]
Velocity: [1709264659.3975265,0.0, 0.0, 2.0]
Velocity: [1709264659.436488,0.0, 0.0, 2.0]
Velocity: [1709264659.469366,0.0, 0.0, 2.0]
Velocity: [1709264659.4926784,0.0, 0.0, 2.0]
Velocity: [1709264659.5263388,0.0, 0.0, 2.0]
Velocity: [1709264659.5919383,0.0, 0.0, 2.0]
Velocity: [1709264659.6013536,0.0, 0.0, 2.0]
Velocity: [1709264659.6543863,0.0, 0.0, 2.0]
Velocity: [1709264659.6875236,0.0, 0.0, 2.0]
Velocity: [1709264659.7339506,0.0, 0.0, 2.0]
Velocity: [1709264659.7556813,0.0, 0.0, 2.0]
Velocity: [1709264659.796573,0.0, 0.0, 2.0]
Velocity: [1709264659.8393586,0.0, 0.0, 2.0]
Velocity: [1709264659.8537796,0.0, 0.0, 2.0]
Velocity: [1709264659.9021623,0.0, 0.0, 2.0]
Velocity: [1709264659.9339538,0.0, 0.0, 2.0]
Velocity: [1709264659.9633842,0.0, 0.0, 2.0]
Velocity: [1709264659.9981117,0.0, 0.0, 2.0]
Velocity: [1709264660.0261946,0.0, 0.0, 2.0]
Velocity: [1709264660.0570939,0.0, 0.0, 2.0]
Velocity: [1709264660.0864239,0.0, 0.0, 2.0]
Velocity: [1709264660.124479,0.0, 0.0, 2.0]
Velocity: [1709264660.1598804,0.0, 0.0, 2.0]
Velocity: [1709264660.1830068,0.0, 0.0, 2.0]
Velocity: [1709264660.224449,0.0, 0.0, 2.0]
Velocity: [1709264660.2378893,0.0, 0.0, 2.0]
Velocity: [1709264660.2744281,0.0, 0.0, 2.0]
Velocity: [1709264660.3120258,0.0, 0.0, 2.0]
Velocity: [1709264660.3423913,0.0, 0.0, 2.0]
Velocity: [1709264660.367837,0.0, 0.0, 2.0]
Velocity: [1709264660.410031,0.0, 0.0, 2.0]
Velocity: [1709264660.4640186,0.0, 0.0, 2.0]
Velocity: [1709264660.5005708,0.0, 0.0, 2.0]
Velocity: [1709264660.5236723,0.0, 0.0, 2.0]
Velocity: [1709264660.5558136,0.0, 0.0, 2.0]
Velocity: [1709264660.6099572,0.0, 0.0, 2.0]
Velocity: [1709264660.6193223,0.0, 0.0, 2.0]
Velocity: [1709264660.656773,0.0, 0.0, 2.0]
Velocity: [1709264660.7071676,0.0, 0.0, 2.0]
Velocity: [1709264660.7383955,0.0, 0.0, 2.0]
Velocity: [1709264660.77501,0.0, 0.0, 2.0]
Velocity: [1709264660.7992213,0.0, 0.0, 2.0]
Velocity: [1709264660.8317854,0.0, 0.0, 2.0]
Velocity: [1709264660.870006,0.0, 0.0, 2.0]
Velocity: [1709264660.9119055,0.0, 0.0, 2.0]
Velocity: [1709264660.9347692,0.0, 0.0, 2.0]
Velocity: [1709264660.9838843,0.0, 0.0, 2.0]
Velocity: [1709264661.0153308,0.0, 0.0, 2.0]
Velocity: [1709264661.0386066,0.0, 0.0, 2.0]
Velocity: [1709264661.070286,0.0, 0.0, 2.0]
Velocity: [1709264661.1001346,0.0, 0.0, 2.0]
Velocity: [1709264661.1390448,0.0, 0.0, 2.0]
Velocity: [1709264661.1889765,0.0, 0.0, 2.0]
Velocity: [1709264661.2102551,0.0, 0.0, 2.0]
Velocity: [1709264661.244576,0.0, 0.0, 2.0]
Velocity: [1709264661.2707756,0.0, 0.0, 2.0]
Velocity: [1709264661.3072617,0.0, 0.0, 2.0]
Velocity: [1709264661.331373,0.0, 0.0, 2.0]
Velocity: [1709264661.3703592,0.0, 0.0, 2.0]
Velocity: [1709264661.4067917,0.0, 0.0, 2.0]
Velocity: [1709264661.442728,0.0, 0.0, 2.0]
Velocity: [1709264661.4657018,0.0, 0.0, 2.0]
Velocity: [1709264661.4989753,0.0, 0.0, 2.0]
Velocity: [1709264661.5294018,0.0, 0.0, 2.0]
Velocity: [1709264661.551313,0.0, 0.0, 2.0]
Velocity: [1709264661.5920215,0.0, 0.0, 2.0]
Velocity: [1709264661.6163766,0.0, 0.0, 2.0]
Velocity: [1709264661.645602,0.0, 0.0, 2.0]
Velocity: [1709264661.6851,0.0, 0.0, 2.0]
Velocity: [1709264661.7092822,0.0, 0.0, 2.0]
Velocity: [1709264661.7581863,0.0, 0.0, 2.0]
Velocity: [1709264661.7924466,0.0, 0.0, 2.0]
Velocity: [1709264661.8153687,0.0, 0.0, 2.0]
Velocity: [1709264661.8536608,0.0, 0.0, 2.0]
Velocity: [1709264661.8777187,0.0, 0.0, 2.0]
Velocity: [1709264661.9078364,0.0, 0.0, 2.0]
Velocity: [1709264661.9380105,0.0, 0.0, 2.0]
Velocity: [1709264661.9638863,0.0, 0.0, 2.0]
Velocity: [1709264662.0156338,0.0, 0.0, 2.0]
Velocity: [1709264662.038464,0.0, 0.0, 2.0]
Velocity: [1709264662.0662577,0.0, 0.0, 2.0]
Velocity: [1709264662.093846,0.0, 0.0, 2.0]
Velocity: [1709264662.1258965,0.0, 0.0, 2.0]
Velocity: [1709264662.172562,0.0, 0.0, 2.0]
Velocity: [1709264662.1932664,0.0, 0.0, 2.0]
Velocity: [1709264662.2361798,0.0, 0.0, 2.0]
Velocity: [1709264662.2616897,0.0, 0.0, 2.0]
Velocity: [1709264662.3084989,0.0, 0.0, 2.0]
Velocity: [1709264662.336069,0.0, 0.0, 2.0]
Velocity: [1709264662.3702514,0.0, 0.0, 2.0]
Velocity: [1709264662.3925855,0.0, 0.0, 2.0]
Velocity: [1709264662.4366722,0.0, 0.0, 2.0]
Velocity: [1709264662.4715238,0.0, 0.0, 2.0]
Velocity: [1709264662.4914532,0.0, 0.0, 2.0]
Velocity: [1709264662.7685134,0.0, 0.0, 2.0]
Velocity: [1709264662.7688756,0.0, 0.0, 2.0]
Velocity: [1709264662.7691166,0.0, 0.0, 2.0]
Velocity: [1709264662.7692957,0.0, 0.0, 2.0]
Velocity: [1709264662.7694693,0.0, 0.0, 2.0]
Velocity: [1709264662.769645,0.0, 0.0, 2.0]
Velocity: [1709264662.7698185,0.0, 0.0, 2.0]
Velocity: [1709264662.7699897,0.0, 0.0, 2.0]
Velocity: [1709264662.8184104,0.0, 0.0, 2.0]
Velocity: [1709264662.8191955,0.0, 0.0, 2.0]
Velocity: [1709264662.8503106,0.0, 0.0, 2.0]
Velocity: [1709264662.884575,0.0, 0.0, 2.0]
Velocity: [1709264662.9109745,0.0, 0.0, 2.0]
Velocity: [1709264662.9547002,0.0, 0.0, 2.0]
Velocity: [1709264663.0060084,0.0, 0.0, 2.0]
Velocity: [1709264663.0277138,0.0, 0.0, 2.0]
Velocity: [1709264663.0595095,0.0, 0.0, 2.0]
Velocity: [1709264663.088401,0.0, 0.0, 2.0]
Velocity: [1709264663.1397834,0.0, 0.0, 2.0]
Velocity: [1709264663.1667807,0.0, 0.0, 2.0]
Velocity: [1709264663.1994667,0.0, 0.0, 2.0]
Velocity: [1709264663.237189,0.0, 0.0, 2.0]
Velocity: [1709264663.2624183,0.0, 0.0, 2.0]
Velocity: [1709264663.280797,0.0, 0.0, 2.0]
Velocity: [1709264663.3647134,0.0, 0.0, 2.0]
Velocity: [1709264663.3905804,0.0, 0.0, 2.0]
Velocity: [1709264663.413304,0.0, 0.0, 2.0]
Velocity: [1709264663.4437916,0.0, 0.0, 2.0]
Velocity: [1709264663.475002,0.0, 0.0, 2.0]
Velocity: [1709264663.5255492,0.0, 0.0, 2.0]
Velocity: [1709264663.5555832,0.0, 0.0, 2.0]
Velocity: [1709264663.5910618,0.0, 0.0, 2.0]
Velocity: [1709264663.612519,0.0, 0.0, 2.0]
Velocity: [1709264663.6508632,0.0, 0.0, 2.0]
Velocity: [1709264663.6792352,0.0, 0.0, 2.0]
Velocity: [1709264663.705263,0.0, 0.0, 2.0]
Velocity: [1709264663.7455168,0.0, 0.0, 2.0]
Velocity: [1709264663.7864325,0.0, 0.0, 2.0]
Velocity: [1709264663.816987,0.0, 0.0, 2.0]
Velocity: [1709264663.8464081,0.0, 0.0, 2.0]
Velocity: [1709264663.8889666,0.0, 0.0, 2.0]
Velocity: [1709264663.9259348,0.0, 0.0, 2.0]
Velocity: [1709264663.9475832,0.0, 0.0, 2.0]
Velocity: [1709264663.9883637,0.0, 0.0, 2.0]
Velocity: [1709264664.0208652,0.0, 0.0, 2.0]
Velocity: [1709264664.0588024,0.0, 0.0, 2.0]
Velocity: [1709264664.087408,0.0, 0.0, 2.0]
Velocity: [1709264664.1335816,0.0, 0.0, 2.0]
Velocity: [1709264664.1476173,0.0, 0.0, 2.0]
Velocity: [1709264664.1772556,0.0, 0.0, 2.0]
Velocity: [1709264664.2171319,0.0, 0.0, 2.0]
Velocity: [1709264664.2447605,0.0, 0.0, 2.0]
Velocity: [1709264664.2857223,0.0, 0.0, 2.0]
Velocity: [1709264664.3152213,0.0, 0.0, 2.0]
Velocity: [1709264664.3419518,0.0, 0.0, 2.0]
Velocity: [1709264664.3653991,0.0, 0.0, 2.0]
Velocity: [1709264664.403951,0.0, 0.0, 2.0]
Velocity: [1709264664.4359484,0.0, 0.0, 2.0]
Velocity: [1709264664.463937,0.0, 0.0, 2.0]
Velocity: [1709264664.4947221,0.0, 0.0, 2.0]
Velocity: [1709264664.5245395,0.0, 0.0, 2.0]
Velocity: [1709264664.5561044,0.0, 0.0, 2.0]
Velocity: [1709264664.6021912,0.0, 0.0, 2.0]
Velocity: [1709264664.6202948,0.0, 0.0, 2.0]
Velocity: [1709264664.65284,0.0, 0.0, 2.0]
Velocity: [1709264664.683957,0.0, 0.0, 2.0]
Velocity: [1709264664.7205753,0.0, 0.0, 2.0]
Velocity: [1709264664.769487,0.0, 0.0, 2.0]
Velocity: [1709264664.800139,0.0, 0.0, 2.0]
Velocity: [1709264664.8304477,0.0, 0.0, 2.0]
Velocity: [1709264664.856261,0.0, 0.0, 2.0]
Velocity: [1709264664.8903193,0.0, 0.0, 2.0]
Velocity: [1709264664.945745,0.0, 0.0, 2.0]
Velocity: [1709264664.971456,0.0, 0.0, 2.0]
Velocity: [1709264664.9968328,0.0, 0.0, 2.0]
Velocity: [1709264665.0391436,0.0, 0.0, 2.0]
Velocity: [1709264665.0616522,0.0, 0.0, 2.0]
Velocity: [1709264665.0982296,0.0, 0.0, 2.0]
Velocity: [1709264665.141754,0.0, 0.0, 2.0]
Velocity: [1709264665.166173,0.0, 0.0, 2.0]
Velocity: [1709264665.1963615,0.0, 0.0, 2.0]
Velocity: [1709264665.238125,0.0, 0.0, 2.0]
Velocity: [1709264665.2783248,0.0, 0.0, 2.0]
Velocity: [1709264665.3074222,0.0, 0.0, 2.0]
Velocity: [1709264665.340602,0.0, 0.0, 2.0]
Velocity: [1709264665.3642864,0.0, 0.0, 2.0]
Velocity: [1709264665.399901,0.0, 0.0, 2.0]
Velocity: [1709264665.4297335,0.0, 0.0, 2.0]
Velocity: [1709264665.4675984,0.0, 0.0, 2.0]
Velocity: [1709264665.4820652,0.0, 0.0, 2.0]
Velocity: [1709264665.5131154,0.0, 0.0, 2.0]
Velocity: [1709264665.5631754,0.0, 0.0, 2.0]
Velocity: [1709264665.59891,0.0, 0.0, 2.0]
Velocity: [1709264665.6255577,0.0, 0.0, 2.0]
Velocity: [1709264665.6635978,0.0, 0.0, 2.0]
Velocity: [1709264665.7003272,0.0, 0.0, 2.0]
Velocity: [1709264665.7329,0.0, 0.0, 2.0]
Velocity: [1709264665.7818744,0.0, 0.0, 2.0]
Velocity: [1709264665.8115993,0.0, 0.0, 2.0]
Velocity: [1709264665.8443606,0.0, 0.0, 2.0]
Velocity: [1709264665.867834,0.0, 0.0, 2.0]
Velocity: [1709264665.919867,0.0, 0.0, 2.0]
Velocity: [1709264665.948715,0.0, 0.0, 2.0]
Velocity: [1709264665.9762406,0.0, 0.0, 2.0]
Velocity: [1709264666.0065522,0.0, 0.0, 2.0]
Velocity: [1709264666.0257983,0.0, 0.0, 2.0]
Velocity: [1709264666.0611742,0.0, 0.0, 2.0]
Velocity: [1709264666.10014,0.0, 0.0, 2.0]
Velocity: [1709264666.1209607,0.0, 0.0, 2.0]
Velocity: [1709264666.152611,0.0, 0.0, 2.0]
Velocity: [1709264666.192067,0.0, 0.0, 2.0]
Velocity: [1709264666.2186015,0.0, 0.0, 2.0]
Velocity: [1709264666.261143,0.0, 0.0, 2.0]
Velocity: [1709264666.288694,0.0, 0.0, 2.0]
Velocity: [1709264666.3183522,0.0, 0.0, 2.0]
Velocity: [1709264666.3673534,0.0, 0.0, 2.0]
Velocity: [1709264666.377694,0.0, 0.0, 2.0]
Velocity: [1709264666.4157403,0.0, 0.0, 2.0]
Velocity: [1709264666.4390972,0.0, 0.0, 2.0]
Velocity: [1709264666.4729145,0.0, 0.0, 2.0]
Velocity: [1709264666.5059917,0.0, 0.0, 2.0]
Velocity: [1709264666.5682037,0.0, 0.0, 2.0]
Velocity: [1709264666.578166,0.0, 0.0, 2.0]
Velocity: [1709264666.6053464,0.0, 0.0, 2.0]
Velocity: [1709264666.647684,0.0, 0.0, 2.0]
Velocity: [1709264666.6728604,0.0, 0.0, 2.0]
Velocity: [1709264666.7227528,0.0, 0.0, 2.0]
Velocity: [1709264666.7376351,0.0, 0.0, 2.0]
Velocity: [1709264666.782058,0.0, 0.0, 2.0]
Velocity: [1709264666.819202,0.0, 0.0, 2.0]
Velocity: [1709264666.8455622,0.0, 0.0, 2.0]
Velocity: [1709264666.885319,0.0, 0.0, 2.0]
Velocity: [1709264666.9070575,0.0, 0.0, 2.0]
Velocity: [1709264666.9479017,0.0, 0.0, 2.0]
Velocity: [1709264666.9922,0.0, 0.0, 2.0]
Velocity: [1709264667.0160885,0.0, 0.0, 2.0]
Velocity: [1709264667.0458338,0.0, 0.0, 2.0]
Velocity: [1709264667.0794058,0.0, 0.0, 2.0]
Velocity: [1709264667.106134,0.0, 0.0, 2.0]
Velocity: [1709264667.1427028,0.0, 0.0, 2.0]
Velocity: [1709264667.1740353,0.0, 0.0, 2.0]
Velocity: [1709264667.2037623,0.0, 0.0, 2.0]
Velocity: [1709264667.2405236,0.0, 0.0, 2.0]
Velocity: [1709264667.2753541,0.0, 0.0, 2.0]
Velocity: [1709264667.3093085,0.0, 0.0, 2.0]
Velocity: [1709264667.3376846,0.0, 0.0, 2.0]
Velocity: [1709264667.377927,0.0, 0.0, 2.0]
Velocity: [1709264667.4093661,0.0, 0.0, 2.0]
Velocity: [1709264667.4528594,0.0, 0.0, 2.0]
Velocity: [1709264667.488259,0.0, 0.0, 2.0]
Velocity: [1709264667.5205367,0.0, 0.0, 2.0]
Velocity: [1709264667.5545092,0.0, 0.0, 2.0]
Velocity: [1709264667.580294,0.0, 0.0, 2.0]
Velocity: [1709264667.613591,0.0, 0.0, 2.0]
Velocity: [1709264667.646156,0.0, 0.0, 2.0]
Velocity: [1709264667.6789825,0.0, 0.0, 2.0]
Velocity: [1709264667.71727,0.0, 0.0, 2.0]
Velocity: [1709264667.7509282,0.0, 0.0, 2.0]
Velocity: [1709264667.7954054,0.0, 0.0, 2.0]
Velocity: [1709264667.8339276,0.0, 0.0, 2.0]
Velocity: [1709264667.8574057,0.0, 0.0, 2.0]
Velocity: [1709264667.8910143,0.0, 0.0, 2.0]
Velocity: [1709264667.9218755,0.0, 0.0, 2.0]
Velocity: [1709264667.9592903,0.0, 0.0, 2.0]
Velocity: [1709264668.0071683,0.0, 0.0, 2.0]
Velocity: [1709264668.030854,0.0, 0.0, 2.0]
Velocity: [1709264668.0618303,0.0, 0.0, 2.0]
Velocity: [1709264668.0956507,0.0, 0.0, 2.0]
Velocity: [1709264668.1284006,0.0, 0.0, 2.0]
Velocity: [1709264668.1564393,0.0, 0.0, 2.0]
Velocity: [1709264668.1933773,0.0, 0.0, 2.0]
Velocity: [1709264668.2259712,0.0, 0.0, 2.0]
Velocity: [1709264668.2673564,0.0, 0.0, 2.0]
Velocity: [1709264668.2962012,0.0, 0.0, 2.0]
Velocity: [1709264668.3442245,0.0, 0.0, 2.0]
Velocity: [1709264668.38756,0.0, 0.0, 2.0]
Velocity: [1709264668.4116476,0.0, 0.0, 2.0]
Velocity: [1709264668.4471798,0.0, 0.0, 2.0]
Velocity: [1709264668.486448,0.0, 0.0, 2.0]
Velocity: [1709264668.5090125,0.0, 0.0, 2.0]
Velocity: [1709264668.5433772,0.0, 0.0, 2.0]
Velocity: [1709264668.5714228,0.0, 0.0, 2.0]
Velocity: [1709264668.6013844,0.0, 0.0, 2.0]
Velocity: [1709264668.6480727,0.0, 0.0, 2.0]
Velocity: [1709264668.682152,0.0, 0.0, 2.0]
Velocity: [1709264668.7048461,0.0, 0.0, 2.0]
Velocity: [1709264668.7285924,0.0, 0.0, 2.0]
Velocity: [1709264668.7589784,0.0, 0.0, 2.0]
Velocity: [1709264668.7906518,0.0, 0.0, 2.0]
Velocity: [1709264669.0355527,0.0, 0.0, 2.0]
Velocity: [1709264669.0360768,0.0, 0.0, 2.0]
Velocity: [1709264669.0363777,0.0, 0.0, 2.0]
Velocity: [1709264669.0365717,0.0, 0.0, 2.0]
Velocity: [1709264669.036748,0.0, 0.0, 2.0]
Velocity: [1709264669.036976,0.0, 0.0, 2.0]
Velocity: [1709264669.0371552,0.0, 0.0, 2.0]
Velocity: [1709264669.0692158,0.0, 0.0, 2.0]
Velocity: [1709264669.091618,0.0, 0.0, 2.0]
Velocity: [1709264669.110911,0.0, 0.0, 2.0]
Velocity: [1709264669.1460803,0.0, 0.0, 2.0]
Velocity: [1709264669.178509,0.0, 0.0, 2.0]
Velocity: [1709264669.2130768,0.0, 0.0, 2.0]
Velocity: [1709264669.2464461,0.0, 0.0, 2.0]
Velocity: [1709264669.2738283,0.0, 0.0, 2.0]
Velocity: [1709264669.3125136,0.0, 0.0, 2.0]
Velocity: [1709264669.3517,0.0, 0.0, 2.0]
Velocity: [1709264669.387657,0.0, 0.0, 2.0]
Velocity: [1709264669.4213345,0.0, 0.0, 2.0]
Velocity: [1709264669.4497464,0.0, 0.0, 2.0]
Velocity: [1709264669.4792736,0.0, 0.0, 2.0]
Velocity: [1709264669.5166128,0.0, 0.0, 2.0]
Velocity: [1709264669.5408168,0.0, 0.0, 2.0]
Velocity: [1709264669.5726016,0.0, 0.0, 2.0]
Velocity: [1709264669.6043892,0.0, 0.0, 2.0]
Velocity: [1709264669.6329982,0.0, 0.0, 2.0]
Velocity: [1709264669.666275,0.0, 0.0, 2.0]
Velocity: [1709264669.7171016,0.0, 0.0, 2.0]
Velocity: [1709264669.7515786,0.0, 0.0, 0.0]
Velocity: [1709264669.9651256,0.0, 0.0, 0.0]
Velocity: [1709264670.2001908,0.0, 0.0, 0.0]
Velocity: [1709264670.4220748,0.0, 0.0, 0.0]
Velocity: [1709264670.6585093,0.0, 0.0, 0.0]
Velocity: [1709264670.8785367,0.0, 0.0, 0.0]
Velocity: [1709264671.1154182,0.0, 0.0, 0.0]
Velocity: [1709264671.3130665,0.0, 0.0, 0.0]
Velocity: [1709264671.5458448,0.0, 0.0, 0.0]
Velocity: [1709264671.7672513,0.0, 0.0, 0.0]
Velocity: [1709264671.983555,0.0, 0.0, 0.0]
Velocity: [1709264672.2188528,0.0, 0.0, 0.0]
Velocity: [1709264672.3375866,1.5, 0.0, 0.0]
Velocity: [1709264672.8164835,1.5, 0.0, 0.0]
Velocity: [1709264672.8596516,1.5, 0.0, 0.0]
Velocity: [1709264672.8900046,1.5, 0.0, 0.0]
Velocity: [1709264672.9285908,1.5, 0.0, 0.0]
Velocity: [1709264672.9518251,1.5, 0.0, 0.0]
Velocity: [1709264672.9847276,1.5, 0.0, 0.0]
Velocity: [1709264673.0219023,1.5, 0.0, 0.0]
Velocity: [1709264673.0538225,1.5, 0.0, 0.0]
Velocity: [1709264673.0912519,1.5, 0.0, 0.0]
Velocity: [1709264673.1406734,1.5, 0.0, 0.0]
Velocity: [1709264673.188738,1.5, 0.0, 0.0]
Velocity: [1709264673.213196,1.5, 0.0, 0.0]
Velocity: [1709264673.2460096,1.5, 0.0, 0.0]
Velocity: [1709264673.3139572,1.5, 0.0, 0.0]
Velocity: [1709264673.34538,1.5, 0.0, 0.0]
Velocity: [1709264673.386004,1.5, 0.0, 0.0]
Velocity: [1709264673.3992615,1.5, 0.0, 0.0]
Velocity: [1709264673.4522297,1.5, 0.0, 0.0]
Velocity: [1709264673.470234,1.5, 0.0, 0.0]
Velocity: [1709264673.5023432,1.5, 0.0, 0.0]
Velocity: [1709264673.5379903,1.5, 0.0, 0.0]
Velocity: [1709264673.5639126,1.5, 0.0, 0.0]
Velocity: [1709264673.6160672,1.5, 0.0, 0.0]
Velocity: [1709264673.6364129,1.5, 0.0, 0.0]
Velocity: [1709264673.886576,1.5, 0.0, 0.0]
Velocity: [1709264673.887042,1.5, 0.0, 0.0]
Velocity: [1709264673.8873448,1.5, 0.0, 0.0]
Velocity: [1709264673.8875446,1.5, 0.0, 0.0]
Velocity: [1709264673.8877447,1.5, 0.0, 0.0]
Velocity: [1709264673.900856,1.5, 0.0, 0.0]
Velocity: [1709264673.9011042,1.5, 0.0, 0.0]
Velocity: [1709264673.9012966,1.5, 0.0, 0.0]
Velocity: [1709264673.9383,1.5, 0.0, 0.0]
Velocity: [1709264673.9683933,1.5, 0.0, 0.0]
Velocity: [1709264674.0016732,1.5, 0.0, 0.0]
Velocity: [1709264674.0316806,1.5, 0.0, 0.0]
Velocity: [1709264674.0661385,1.5, 0.0, 0.0]
Velocity: [1709264674.0861156,1.5, 0.0, 0.0]
Velocity: [1709264674.1156876,1.5, 0.0, 0.0]
Velocity: [1709264674.170684,1.5, 0.0, 0.0]
Velocity: [1709264674.2008693,1.5, 0.0, 0.0]
Velocity: [1709264674.216447,1.5, 0.0, 0.0]
Velocity: [1709264674.2506888,1.5, 0.0, 0.0]
Velocity: [1709264674.3005688,1.5, 0.0, 0.0]
Velocity: [1709264674.336827,1.5, 0.0, 0.0]
Velocity: [1709264674.351654,1.5, 0.0, 0.0]
Velocity: [1709264674.3853846,1.5, 0.0, 0.0]
Velocity: [1709264674.4110239,1.5, 0.0, 0.0]
Velocity: [1709264674.4442937,1.5, 0.0, 0.0]
Velocity: [1709264674.480986,1.5, 0.0, 0.0]
Velocity: [1709264674.511852,1.5, 0.0, 0.0]
Velocity: [1709264674.5377772,1.5, 0.0, 0.0]
Velocity: [1709264674.5688722,1.5, 0.0, 0.0]
Velocity: [1709264674.6108513,1.5, 0.0, 0.0]
Velocity: [1709264674.633504,1.5, 0.0, 0.0]
Velocity: [1709264674.660942,1.5, 0.0, 0.0]
Velocity: [1709264674.7223017,1.5, 0.0, 0.0]
Velocity: [1709264674.7361124,1.5, 0.0, 0.0]
Velocity: [1709264674.772749,1.5, 0.0, 0.0]
Velocity: [1709264674.8010397,1.5, 0.0, 0.0]
Velocity: [1709264674.8307686,1.5, 0.0, 0.0]
Velocity: [1709264674.8806186,1.5, 0.0, 0.0]
Velocity: [1709264674.9156442,1.5, 0.0, 0.0]
Velocity: [1709264674.9374413,1.5, 0.0, 0.0]
Velocity: [1709264674.9680495,1.5, 0.0, 0.0]
Velocity: [1709264674.9973524,1.5, 0.0, 0.0]
Velocity: [1709264675.034546,1.5, 0.0, 0.0]
Velocity: [1709264675.0700543,1.5, 0.0, 0.0]
Velocity: [1709264675.1072056,1.5, 0.0, 0.0]
Velocity: [1709264675.1564467,1.5, 0.0, 0.0]
Velocity: [1709264675.190172,1.5, 0.0, 0.0]
Velocity: [1709264675.2166796,1.5, 0.0, 0.0]
Velocity: [1709264675.2469978,1.5, 0.0, 0.0]
Velocity: [1709264675.2838533,1.5, 0.0, 0.0]
Velocity: [1709264675.3253555,1.5, 0.0, 0.0]
Velocity: [1709264675.3379998,1.5, 0.0, 0.0]
Velocity: [1709264675.3881564,1.5, 0.0, 0.0]
Velocity: [1709264675.42449,1.5, 0.0, 0.0]
Velocity: [1709264675.4547703,1.5, 0.0, 0.0]
Velocity: [1709264675.4868462,1.5, 0.0, 0.0]
Velocity: [1709264675.5129051,1.5, 0.0, 0.0]
Velocity: [1709264675.557077,1.5, 0.0, 0.0]
Velocity: [1709264675.5898013,1.5, 0.0, 0.0]
Velocity: [1709264675.6305685,1.5, 0.0, 0.0]
Velocity: [1709264675.6549804,1.5, 0.0, 0.0]
Velocity: [1709264675.6812952,1.5, 0.0, 0.0]
Velocity: [1709264675.7317219,1.5, 0.0, 0.0]
Velocity: [1709264675.7596009,1.5, 0.0, 0.0]
Velocity: [1709264675.790049,1.5, 0.0, 0.0]
Velocity: [1709264675.824481,1.5, 0.0, 0.0]
Velocity: [1709264675.8688877,1.5, 0.0, 0.0]
Velocity: [1709264675.8957753,1.5, 0.0, 0.0]
Velocity: [1709264675.944615,1.5, 0.0, 0.0]
Velocity: [1709264675.9758072,1.5, 0.0, 0.0]
Velocity: [1709264676.0173724,1.5, 0.0, 0.0]
Velocity: [1709264676.0409868,1.5, 0.0, 0.0]
Velocity: [1709264676.0708487,1.5, 0.0, 0.0]
Velocity: [1709264676.0949814,1.5, 0.0, 0.0]
Velocity: [1709264676.1278358,1.5, 0.0, 0.0]
Velocity: [1709264676.1851304,1.5, 0.0, 0.0]
Velocity: [1709264676.2145982,1.5, 0.0, 0.0]
Velocity: [1709264676.2454813,1.5, 0.0, 0.0]
Velocity: [1709264676.2661898,1.5, 0.0, 0.0]
Velocity: [1709264676.303498,1.5, 0.0, 0.0]
Velocity: [1709264676.3346827,1.5, 0.0, 0.0]
Velocity: [1709264676.384771,1.5, 0.0, 0.0]
Velocity: [1709264676.3883166,1.5, 0.0, 0.0]
Velocity: [1709264676.4270194,1.5, 0.0, 0.0]
Velocity: [1709264676.4624605,1.5, 0.0, 0.0]
Velocity: [1709264676.5006874,1.5, 0.0, 0.0]
Velocity: [1709264676.526824,1.5, 0.0, 0.0]
Velocity: [1709264676.5568063,1.5, 0.0, 0.0]
Velocity: [1709264676.6056476,1.5, 0.0, 0.0]
Velocity: [1709264676.6251876,1.5, 0.0, 0.0]
Velocity: [1709264676.6520228,1.5, 0.0, 0.0]
Velocity: [1709264676.695811,1.5, 0.0, 0.0]
Velocity: [1709264676.7178187,1.5, 0.0, 0.0]
Velocity: [1709264676.7545629,1.5, 0.0, 0.0]
Velocity: [1709264676.7933407,1.5, 0.0, 0.0]
Velocity: [1709264676.8215363,1.5, 0.0, 0.0]
Velocity: [1709264676.8530157,1.5, 0.0, 0.0]
Velocity: [1709264676.8821516,1.5, 0.0, 0.0]
Velocity: [1709264676.922364,1.5, 0.0, 0.0]
Velocity: [1709264676.9450774,1.5, 0.0, 0.0]
Velocity: [1709264676.975918,1.5, 0.0, 0.0]
Velocity: [1709264677.0104163,1.5, 0.0, 0.0]
Velocity: [1709264677.05795,1.5, 0.0, 0.0]
Velocity: [1709264677.09328,1.5, 0.0, 0.0]
Velocity: [1709264677.1169384,1.5, 0.0, 0.0]
Velocity: [1709264677.1453247,1.5, 0.0, 0.0]
Velocity: [1709264677.1729755,1.5, 0.0, 0.0]
Velocity: [1709264677.208895,1.5, 0.0, 0.0]
Velocity: [1709264677.2473316,1.5, 0.0, 0.0]
Velocity: [1709264677.2736926,1.5, 0.0, 0.0]
Velocity: [1709264677.3070078,1.5, 0.0, 0.0]
Velocity: [1709264677.3389258,1.5, 0.0, 0.0]
Velocity: [1709264677.3716326,1.5, 0.0, 0.0]
Velocity: [1709264677.4049551,1.5, 0.0, 0.0]
Velocity: [1709264677.4537237,1.5, 0.0, 0.0]
Velocity: [1709264677.4916148,1.5, 0.0, 0.0]
Velocity: [1709264677.52144,1.5, 0.0, 0.0]
Velocity: [1709264677.5808742,1.5, 0.0, 0.0]
Velocity: [1709264677.629672,1.5, 0.0, 0.0]
Velocity: [1709264677.6300564,1.5, 0.0, 0.0]
Velocity: [1709264677.663663,1.5, 0.0, 0.0]
Velocity: [1709264677.6956193,1.5, 0.0, 0.0]
Velocity: [1709264677.729699,1.5, 0.0, 0.0]
Velocity: [1709264677.7526512,1.5, 0.0, 0.0]
Velocity: [1709264677.7881021,1.5, 0.0, 0.0]
Velocity: [1709264677.8236969,1.5, 0.0, 0.0]
Velocity: [1709264677.8552942,1.5, 0.0, 0.0]
Velocity: [1709264677.8875782,1.5, 0.0, 0.0]
Velocity: [1709264677.9284263,1.5, 0.0, 0.0]
Velocity: [1709264677.949123,1.5, 0.0, 0.0]
Velocity: [1709264677.995701,1.5, 0.0, 0.0]
Velocity: [1709264678.020365,1.5, 0.0, 0.0]
Velocity: [1709264678.0620394,1.5, 0.0, 0.0]
Velocity: [1709264678.1040013,1.5, 0.0, 0.0]
Velocity: [1709264678.121218,1.5, 0.0, 0.0]
Velocity: [1709264678.1548254,1.5, 0.0, 0.0]
Velocity: [1709264678.174224,1.5, 0.0, 0.0]
Velocity: [1709264678.2418597,1.5, 0.0, 0.0]
Velocity: [1709264678.2568593,1.5, 0.0, 0.0]
Velocity: [1709264678.291247,1.5, 0.0, 0.0]
Velocity: [1709264678.319812,1.5, 0.0, 0.0]
Velocity: [1709264678.3610535,1.5, 0.0, 0.0]
Velocity: [1709264678.4011698,1.5, 0.0, 0.0]
Velocity: [1709264678.4418654,1.5, 0.0, 0.0]
Velocity: [1709264678.4618416,1.5, 0.0, 0.0]
Velocity: [1709264678.5022018,1.5, 0.0, 0.0]
Velocity: [1709264678.5302231,1.5, 0.0, 0.0]
Velocity: [1709264678.5645945,1.5, 0.0, 0.0]
Velocity: [1709264678.6104958,1.5, 0.0, 0.0]
Velocity: [1709264678.6426375,1.5, 0.0, 0.0]
Velocity: [1709264678.6703477,1.5, 0.0, 0.0]
Velocity: [1709264678.700765,1.5, 0.0, 0.0]
Velocity: [1709264678.729092,1.5, 0.0, 0.0]
Velocity: [1709264678.7745016,1.5, 0.0, 0.0]
Velocity: [1709264678.789397,1.5, 0.0, 0.0]
Velocity: [1709264678.8230422,1.5, 0.0, 0.0]
Velocity: [1709264678.868864,1.5, 0.0, 0.0]
Velocity: [1709264678.904029,1.5, 0.0, 0.0]
Velocity: [1709264678.9242218,1.5, 0.0, 0.0]
Velocity: [1709264678.9537323,1.5, 0.0, 0.0]
Velocity: [1709264678.9866245,1.5, 0.0, 0.0]
Velocity: [1709264679.0153959,1.5, 0.0, 0.0]
Velocity: [1709264679.0641282,1.5, 0.0, 0.0]
Velocity: [1709264679.1016655,1.5, 0.0, 0.0]
Velocity: [1709264679.1374702,1.5, 0.0, 0.0]
Velocity: [1709264679.1574368,1.5, 0.0, 0.0]
Velocity: [1709264679.1924574,1.5, 0.0, 0.0]
Velocity: [1709264679.2315745,1.5, 0.0, 0.0]
Velocity: [1709264679.2668805,1.5, 0.0, 0.0]
Velocity: [1709264679.3042402,1.5, 0.0, 0.0]
Velocity: [1709264679.3416665,1.5, 0.0, 0.0]
Velocity: [1709264679.3580208,1.5, 0.0, 0.0]
Velocity: [1709264679.392156,1.5, 0.0, 0.0]
Velocity: [1709264679.422443,1.5, 0.0, 0.0]
Velocity: [1709264679.4700427,1.5, 0.0, 0.0]
Velocity: [1709264679.4935782,1.5, 0.0, 0.0]
Velocity: [1709264679.5451534,1.5, 0.0, 0.0]
Velocity: [1709264679.570864,1.5, 0.0, 0.0]
Velocity: [1709264679.6085896,1.5, 0.0, 0.0]
Velocity: [1709264679.648397,1.5, 0.0, 0.0]
Velocity: [1709264679.6720212,1.5, 0.0, 0.0]
Velocity: [1709264679.7090306,1.5, 0.0, 0.0]
Velocity: [1709264679.7402258,1.5, 0.0, 0.0]
Velocity: [1709264679.7822456,1.5, 0.0, 0.0]
Velocity: [1709264679.8165324,1.5, 0.0, 0.0]
Velocity: [1709264679.8397427,1.5, 0.0, 0.0]
Velocity: [1709264679.8778794,1.5, 0.0, 0.0]
Velocity: [1709264679.893121,1.5, 0.0, 0.0]
Velocity: [1709264679.9277449,1.5, 0.0, 0.0]
Velocity: [1709264679.99003,1.5, 0.0, 0.0]
Velocity: [1709264680.0203166,1.5, 0.0, 0.0]
Velocity: [1709264680.3189695,1.5, 0.0, 0.0]
Velocity: [1709264680.3193557,1.5, 0.0, 0.0]
Velocity: [1709264680.3195999,0.0, 0.0, 0.0]
Velocity: [1709264680.5276525,0.0, 0.0, 0.0]
Velocity: [1709264680.7753582,0.0, 0.0, 0.0]
Velocity: [1709264680.9508414,0.0, 0.0, 0.0]
Velocity: [1709264681.1763685,0.0, 0.0, 0.0]
Velocity: [1709264681.3929179,0.0, 0.0, 0.0]
Velocity: [1709264681.6331322,0.0, 0.0, 0.0]
Velocity: [1709264681.8641467,0.0, 0.0, 0.0]
Velocity: [1709264682.1326346,0.0, 0.0, 0.0]
Velocity: [1709264682.3311849,0.0, 0.0, 0.0]
Velocity: [1709264682.540608,0.0, 0.0, 0.0]
Velocity: [1709264682.715405,0.0, 0.0, 0.0]
Velocity: [1709264682.9922295,0.0, 0.0, 0.0]
Velocity: [1709264683.1470351,0.0, 0.0, 0.0]
Velocity: [1709264683.3602285,0.0, 0.0, 0.0]
Velocity: [1709264683.618714,0.0, 0.0, 0.0]
Velocity: [1709264683.8068805,0.0, 0.0, 0.0]
Velocity: [1709264684.0013354,0.0, 0.0, 0.0]
Velocity: [1709264684.215815,0.0, 0.0, 0.0]
Velocity: [1709264684.4908752,0.0, 0.0, 0.0]
Velocity: [1709264684.6473918,0.0, 0.0, 0.0]
Velocity: [1709264685.2440743,0.0, 0.0, 0.0]
Velocity: [1709264685.292934,0.0, 0.0, 0.0]
Velocity: [1709264685.5086162,0.0, 0.0, 0.0]
Velocity: [1709264685.7431977,0.0, 0.0, 0.0]
Velocity: [1709264685.972452,0.0, 0.0, 0.0]
Velocity: [1709264686.2263155,0.0, 0.0, 0.0]
Velocity: [1709264686.388198,0.0, 0.0, 0.0]
Velocity: [1709264686.6239207,0.0, 0.0, 0.0]
Velocity: [1709264686.8282826,0.0, 0.0, 0.0]
Velocity: [1709264687.0571394,0.0, 0.0, 0.0]
Velocity: [1709264687.2654457,0.0, 0.0, 0.0]
Velocity: [1709264687.4906347,0.0, 0.0, 0.0]
Velocity: [1709264687.6999738,0.0, 0.0, 0.0]
Velocity: [1709264688.0473351,0.0, 0.0, 0.0]
Velocity: [1709264688.4411542,0.0, 0.0, 0.0]
Velocity: [1709264688.705113,0.0, 0.0, 0.0]
Velocity: [1709264688.9126272,0.0, 0.0, 0.0]
Velocity: [1709264689.1704566,0.0, 0.0, 0.0]
Velocity: [1709264689.371905,0.0, 0.0, 0.0]
Velocity: [1709264689.5808668,0.0, 0.0, 0.0]
Velocity: [1709264690.1672451,0.0, 0.0, 0.0]
Velocity: [1709264690.4024081,0.0, 0.0, 0.0]
Velocity: [1709264690.7716165,0.0, 0.0, 0.0]
Velocity: [1709264690.8858528,0.0, 0.0, 0.0]
Velocity: [1709264691.1059241,0.0, 0.0, 0.0]
Velocity: [1709264691.3983917,0.0, 0.0, 0.0]
Velocity: [1709264691.6272469,0.0, 0.0, 0.0]
Velocity: [1709264691.7413619,1.5, 0.0, 0.0]
Velocity: [1709264691.741696,1.5, 0.0, 0.0]
Velocity: [1709264691.7419167,1.5, 0.0, 0.0]
Velocity: [1709264691.775069,1.5, 0.0, 0.0]
Velocity: [1709264691.775505,1.5, 0.0, 0.0]
Velocity: [1709264691.7757516,1.5, 0.0, 0.0]
Velocity: [1709264691.8105023,1.5, 0.0, 0.0]
Velocity: [1709264691.853275,1.5, 0.0, 0.0]
Velocity: [1709264691.8942525,1.5, 0.0, 0.0]
Velocity: [1709264691.9145226,1.5, 0.0, 0.0]
Velocity: [1709264691.9484742,1.5, 0.0, 0.0]
Velocity: [1709264691.9914382,1.5, 0.0, 0.0]
Velocity: [1709264692.021797,1.5, 0.0, 0.0]
Velocity: [1709264692.0491097,1.5, 0.0, 0.0]
Velocity: [1709264692.0891626,1.5, 0.0, 0.0]
Velocity: [1709264692.1280112,1.5, 0.0, 0.0]
Velocity: [1709264692.163264,1.5, 0.0, 0.0]
Velocity: [1709264692.2127283,1.5, 0.0, 0.0]
Velocity: [1709264692.2461076,1.5, 0.0, 0.0]
Velocity: [1709264692.2851002,1.5, 0.0, 0.0]
Velocity: [1709264692.2914405,1.5, 0.0, 0.0]
Velocity: [1709264692.3326516,1.5, 0.0, 0.0]
Velocity: [1709264692.3663485,1.5, 0.0, 0.0]
Velocity: [1709264692.4204383,1.5, 0.0, 0.0]
Velocity: [1709264692.4300678,1.5, 0.0, 0.0]
Velocity: [1709264692.4659586,1.5, 0.0, 0.0]
Velocity: [1709264692.4967234,1.5, 0.0, 0.0]
Velocity: [1709264692.5253606,1.5, 0.0, 0.0]
Velocity: [1709264692.5566642,1.5, 0.0, 0.0]
Velocity: [1709264692.6018102,1.5, 0.0, 0.0]
Velocity: [1709264692.628672,1.5, 0.0, 0.0]
Velocity: [1709264692.658156,1.5, 0.0, 0.0]
Velocity: [1709264692.705308,1.5, 0.0, 0.0]
Velocity: [1709264692.7330332,1.5, 0.0, 0.0]
Velocity: [1709264692.7605424,1.5, 0.0, 0.0]
Velocity: [1709264692.7949245,1.5, 0.0, 0.0]
Velocity: [1709264692.8240187,1.5, 0.0, 0.0]
Velocity: [1709264692.87,1.5, 0.0, 0.0]
Velocity: [1709264692.89102,1.5, 0.0, 0.0]
Velocity: [1709264692.9225905,1.5, 0.0, 0.0]
Velocity: [1709264692.950901,1.5, 0.0, 0.0]
Velocity: [1709264692.988485,1.5, 0.0, 0.0]
Velocity: [1709264693.0194979,1.5, 0.0, 0.0]
Velocity: [1709264693.051234,1.5, 0.0, 0.0]
Velocity: [1709264693.0884438,1.5, 0.0, 0.0]
Velocity: [1709264693.1125512,1.5, 0.0, 0.0]
Velocity: [1709264693.1601999,1.5, 0.0, 0.0]
Velocity: [1709264693.2015862,1.5, 0.0, 0.0]
Velocity: [1709264693.235242,1.5, 0.0, 0.0]
Velocity: [1709264693.2635677,1.5, 0.0, 0.0]
Velocity: [1709264693.2884948,1.5, 0.0, 0.0]
Velocity: [1709264693.3338292,1.5, 0.0, 0.0]
Velocity: [1709264693.3570826,1.5, 0.0, 0.0]
Velocity: [1709264693.3852618,1.5, 0.0, 0.0]
Velocity: [1709264693.443991,1.5, 0.0, 0.0]
Velocity: [1709264693.4749088,1.5, 0.0, 0.0]
Velocity: [1709264693.5059628,1.5, 0.0, 0.0]
Velocity: [1709264693.562354,1.5, 0.0, 0.0]
Velocity: [1709264693.5753381,1.5, 0.0, 0.0]
Velocity: [1709264693.6089003,1.5, 0.0, 0.0]
Velocity: [1709264693.6442797,1.5, 0.0, 0.0]
Velocity: [1709264693.69066,1.5, 0.0, 0.0]
Velocity: [1709264693.7135677,1.5, 0.0, 0.0]
Velocity: [1709264693.7470427,1.5, 0.0, 0.0]
Velocity: [1709264693.793086,1.5, 0.0, 0.0]
Velocity: [1709264693.822662,1.5, 0.0, 0.0]
Velocity: [1709264693.8493986,1.5, 0.0, 0.0]
Velocity: [1709264693.8745456,1.5, 0.0, 0.0]
Velocity: [1709264693.9038172,1.5, 0.0, 0.0]
Velocity: [1709264693.939851,1.5, 0.0, 0.0]
Velocity: [1709264693.9717832,1.5, 0.0, 0.0]
Velocity: [1709264694.0284293,1.5, 0.0, 0.0]
Velocity: [1709264694.0426443,1.5, 0.0, 0.0]
Velocity: [1709264694.0790763,1.5, 0.0, 0.0]
Velocity: [1709264694.1023955,1.5, 0.0, 0.0]
Velocity: [1709264694.1311157,1.5, 0.0, 0.0]
Velocity: [1709264694.1846678,1.5, 0.0, 0.0]
Velocity: [1709264694.2138653,1.5, 0.0, 0.0]
Velocity: [1709264694.2397609,1.5, 0.0, 0.0]
Velocity: [1709264694.275316,1.5, 0.0, 0.0]
Velocity: [1709264694.3155444,1.5, 0.0, 0.0]
Velocity: [1709264694.3489866,1.5, 0.0, 0.0]
Velocity: [1709264694.3727415,1.5, 0.0, 0.0]
Velocity: [1709264694.402415,1.5, 0.0, 0.0]
Velocity: [1709264694.447171,1.5, 0.0, 0.0]
Velocity: [1709264694.4851649,1.5, 0.0, 0.0]
Velocity: [1709264694.5226305,1.5, 0.0, 0.0]
Velocity: [1709264694.5400307,1.5, 0.0, 0.0]
Velocity: [1709264694.571763,1.5, 0.0, 0.0]
Velocity: [1709264694.6074705,1.5, 0.0, 0.0]
Velocity: [1709264694.6345003,1.5, 0.0, 0.0]
Velocity: [1709264694.67025,1.5, 0.0, 0.0]
Velocity: [1709264694.702042,1.5, 0.0, 0.0]
Velocity: [1709264694.7421434,1.5, 0.0, 0.0]
Velocity: [1709264694.785806,1.5, 0.0, 0.0]
Velocity: [1709264694.8065598,1.5, 0.0, 0.0]
Velocity: [1709264694.8529088,1.5, 0.0, 0.0]
Velocity: [1709264694.8757138,1.5, 0.0, 0.0]
Velocity: [1709264694.905366,1.5, 0.0, 0.0]
Velocity: [1709264694.9423168,1.5, 0.0, 0.0]
Velocity: [1709264694.9725432,1.5, 0.0, 0.0]
Velocity: [1709264695.0269215,1.5, 0.0, 0.0]
Velocity: [1709264695.0418172,1.5, 0.0, 0.0]
Velocity: [1709264695.073329,1.5, 0.0, 0.0]
Velocity: [1709264695.112572,1.5, 0.0, 0.0]
Velocity: [1709264695.1657095,1.5, 0.0, 0.0]
Velocity: [1709264695.177171,1.5, 0.0, 0.0]
Velocity: [1709264695.2074728,1.5, 0.0, 0.0]
Velocity: [1709264695.2396822,1.5, 0.0, 0.0]
Velocity: [1709264695.2734072,1.5, 0.0, 0.0]
Velocity: [1709264695.302851,1.5, 0.0, 0.0]
Velocity: [1709264695.3364952,1.5, 0.0, 0.0]
Velocity: [1709264695.3717356,1.5, 0.0, 0.0]
Velocity: [1709264695.3963342,1.5, 0.0, 0.0]
Velocity: [1709264695.4406059,1.5, 0.0, 0.0]
Velocity: [1709264695.459908,1.5, 0.0, 0.0]
Velocity: [1709264695.5056205,1.5, 0.0, 0.0]
Velocity: [1709264695.5147927,1.5, 0.0, 0.0]
Velocity: [1709264695.5480268,1.5, 0.0, 0.0]
Velocity: [1709264695.588565,1.5, 0.0, 0.0]
Velocity: [1709264695.6182559,1.5, 0.0, 0.0]
Velocity: [1709264695.6423888,1.5, 0.0, 0.0]
Velocity: [1709264695.6815245,1.5, 0.0, 0.0]
Velocity: [1709264695.7139878,1.5, 0.0, 0.0]
Velocity: [1709264695.7591271,1.5, 0.0, 0.0]
Velocity: [1709264695.784003,1.5, 0.0, 0.0]
Velocity: [1709264695.8154337,1.5, 0.0, 0.0]
Velocity: [1709264695.8492866,1.5, 0.0, 0.0]
Velocity: [1709264695.8735702,1.5, 0.0, 0.0]
Velocity: [1709264695.9098864,1.5, 0.0, 0.0]
Velocity: [1709264695.9524162,1.5, 0.0, 0.0]
Velocity: [1709264695.9804769,1.5, 0.0, 0.0]
Velocity: [1709264696.013722,1.5, 0.0, 0.0]
Velocity: [1709264696.055916,1.5, 0.0, 0.0]
Velocity: [1709264696.076871,1.5, 0.0, 0.0]
Velocity: [1709264696.1182263,1.5, 0.0, 0.0]
Velocity: [1709264696.1447263,1.5, 0.0, 0.0]
Velocity: [1709264696.1851773,1.5, 0.0, 0.0]
Velocity: [1709264696.20682,1.5, 0.0, 0.0]
Velocity: [1709264696.2540588,1.5, 0.0, 0.0]
Velocity: [1709264696.2764685,1.5, 0.0, 0.0]
Velocity: [1709264696.5035756,1.5, 0.0, 0.0]
Velocity: [1709264696.5040126,1.5, 0.0, 0.0]
Velocity: [1709264696.5042307,1.5, 0.0, 0.0]
Velocity: [1709264696.5044188,1.5, 0.0, 0.0]
Velocity: [1709264696.504606,1.5, 0.0, 0.0]
Velocity: [1709264696.504792,1.5, 0.0, 0.0]
Velocity: [1709264696.5840201,1.5, 0.0, 0.0]
Velocity: [1709264696.5845234,1.5, 0.0, 0.0]
Velocity: [1709264696.5847657,1.5, 0.0, 0.0]
Velocity: [1709264696.607663,1.5, 0.0, 0.0]
Velocity: [1709264696.6394148,1.5, 0.0, 0.0]
Velocity: [1709264696.696028,1.5, 0.0, 0.0]
Velocity: [1709264696.7032254,1.5, 0.0, 0.0]
Velocity: [1709264696.7350395,1.5, 0.0, 0.0]
Velocity: [1709264696.7723975,1.5, 0.0, 0.0]
Velocity: [1709264696.8017366,1.5, 0.0, 0.0]
Velocity: [1709264696.8340719,1.5, 0.0, 0.0]
Velocity: [1709264696.8736327,1.5, 0.0, 0.0]
Velocity: [1709264696.898185,1.5, 0.0, 0.0]
Velocity: [1709264696.933604,1.5, 0.0, 0.0]
Velocity: [1709264696.9630904,1.5, 0.0, 0.0]
Velocity: [1709264697.0045972,1.5, 0.0, 0.0]
Velocity: [1709264697.0415487,1.5, 0.0, 0.0]
Velocity: [1709264697.0729873,1.5, 0.0, 0.0]
Velocity: [1709264697.1198149,1.5, 0.0, 0.0]
Velocity: [1709264697.1355746,1.5, 0.0, 0.0]
Velocity: [1709264697.1722336,1.5, 0.0, 0.0]
Velocity: [1709264697.2135386,1.5, 0.0, 0.0]
Velocity: [1709264697.2357206,1.5, 0.0, 0.0]
Velocity: [1709264697.268774,1.5, 0.0, 0.0]
Velocity: [1709264697.3129857,1.5, 0.0, 0.0]
Velocity: [1709264697.3367217,1.5, 0.0, 0.0]
Velocity: [1709264697.3697221,1.5, 0.0, 0.0]
Velocity: [1709264697.388245,1.5, 0.0, 0.0]
Velocity: [1709264697.4254606,1.5, 0.0, 0.0]
Velocity: [1709264697.4617405,1.5, 0.0, 0.0]
Velocity: [1709264697.4921293,1.5, 0.0, 0.0]
Velocity: [1709264697.5250528,1.5, 0.0, 0.0]
Velocity: [1709264697.5589695,1.5, 0.0, 0.0]
Velocity: [1709264697.5990787,1.5, 0.0, 0.0]
Velocity: [1709264697.6188874,1.5, 0.0, 0.0]
Velocity: [1709264697.6554604,1.5, 0.0, 0.0]
Velocity: [1709264697.6940405,1.5, 0.0, 0.0]
Velocity: [1709264697.7149994,1.5, 0.0, 0.0]
Velocity: [1709264697.7719998,1.5, 0.0, 0.0]
Velocity: [1709264697.8059886,1.5, 0.0, 0.0]
Velocity: [1709264697.8343248,1.5, 0.0, 0.0]
Velocity: [1709264697.8675923,1.5, 0.0, 0.0]
Velocity: [1709264697.903106,1.5, 0.0, 0.0]
Velocity: [1709264697.9469693,1.5, 0.0, 0.0]
Velocity: [1709264697.9578958,1.5, 0.0, 0.0]
Velocity: [1709264698.0105584,1.5, 0.0, 0.0]
Velocity: [1709264698.0434685,1.5, 0.0, 0.0]
Velocity: [1709264698.0799608,1.5, 0.0, 0.0]
Velocity: [1709264698.1152697,1.5, 0.0, 0.0]
Velocity: [1709264698.1716266,1.5, 0.0, 0.0]
Velocity: [1709264698.1719756,1.5, 0.0, 0.0]
Velocity: [1709264698.2092457,1.5, 0.0, 0.0]
Velocity: [1709264698.2368083,1.5, 0.0, 0.0]
Velocity: [1709264698.2717788,1.5, 0.0, 0.0]
Velocity: [1709264698.2954297,1.5, 0.0, 0.0]
Velocity: [1709264698.3326938,1.5, 0.0, 0.0]
Velocity: [1709264698.3639946,1.5, 0.0, 0.0]
Velocity: [1709264698.3901134,1.5, 0.0, 0.0]
Velocity: [1709264698.4276822,1.5, 0.0, 0.0]
Velocity: [1709264698.4566667,1.5, 0.0, 0.0]
Velocity: [1709264698.4898357,1.5, 0.0, 0.0]
Velocity: [1709264698.517004,1.5, 0.0, 0.0]
Velocity: [1709264698.5628192,1.5, 0.0, 0.0]
Velocity: [1709264698.5917363,1.5, 0.0, 0.0]
Velocity: [1709264698.6163933,1.5, 0.0, 0.0]
Velocity: [1709264698.6694372,1.5, 0.0, 0.0]
Velocity: [1709264698.6844196,1.5, 0.0, 0.0]
Velocity: [1709264698.717607,1.5, 0.0, 0.0]
Velocity: [1709264698.7590096,1.5, 0.0, 0.0]
Velocity: [1709264698.7955747,1.5, 0.0, 0.0]
Velocity: [1709264698.813045,1.5, 0.0, 0.0]
Velocity: [1709264698.8509626,1.5, 0.0, 0.0]
Velocity: [1709264698.8738735,1.5, 0.0, 0.0]
Velocity: [1709264698.9066262,1.5, 0.0, 0.0]
Velocity: [1709264698.9374905,1.5, 0.0, 0.0]
Velocity: [1709264698.970531,1.5, 0.0, 0.0]
Velocity: [1709264699.0065906,1.5, 0.0, 0.0]
Velocity: [1709264699.0382738,1.5, 0.0, 0.0]
Velocity: [1709264699.0711448,1.5, 0.0, 0.0]
Velocity: [1709264699.1038272,1.5, 0.0, 0.0]
Velocity: [1709264699.1494021,1.5, 0.0, 0.0]
Velocity: [1709264699.1720583,1.5, 0.0, 0.0]
Velocity: [1709264699.2061481,1.5, 0.0, 0.0]
Velocity: [1709264699.240887,1.5, 0.0, 0.0]
Velocity: [1709264699.2727447,1.5, 0.0, 0.0]
Velocity: [1709264699.3054285,1.5, 0.0, 0.0]
Velocity: [1709264699.3339498,1.5, 0.0, 0.0]
Velocity: [1709264699.361576,1.5, 0.0, 0.0]
Velocity: [1709264699.4106004,1.5, 0.0, 0.0]
Velocity: [1709264699.43078,1.5, 0.0, 0.0]
Velocity: [1709264699.4706,1.5, 0.0, 0.0]
Velocity: [1709264699.511954,1.5, 0.0, 0.0]
Velocity: [1709264699.5475998,1.5, 0.0, 0.0]
Velocity: [1709264699.5758588,1.5, 0.0, 0.0]
Velocity: [1709264699.6068175,1.5, 0.0, 0.0]
Velocity: [1709264699.6431134,1.5, 0.0, 0.0]
Velocity: [1709264699.6675446,1.5, 0.0, 0.0]
Velocity: [1709264699.6931329,1.5, 0.0, 0.0]
Velocity: [1709264699.7290425,1.5, 0.0, 0.0]
Velocity: [1709264699.7797256,1.5, 0.0, 0.0]
Velocity: [1709264699.8048697,1.5, 0.0, 0.0]
Velocity: [1709264699.8300817,1.5, 0.0, 0.0]
Velocity: [1709264699.861865,1.5, 0.0, 0.0]
Velocity: [1709264699.8940642,1.5, 0.0, 0.0]
Velocity: [1709264699.9265068,1.5, 0.0, 0.0]
Velocity: [1709264699.9687145,1.5, 0.0, 0.0]
Velocity: [1709264699.9893508,1.5, 0.0, 0.0]
Velocity: [1709264700.0220191,1.5, 0.0, 0.0]
Velocity: [1709264700.0654185,1.5, 0.0, 0.0]
Velocity: [1709264700.111197,1.5, 0.0, 0.0]
Velocity: [1709264700.1115527,0.0, 0.0, 0.0]
Velocity: [1709264700.3580544,0.0, 0.0, 0.0]
Velocity: [1709264700.5702152,0.0, 0.0, 0.0]
Velocity: [1709264700.79861,0.0, 0.0, 0.0]
Velocity: [1709264701.042353,0.0, 0.0, 0.0]
Velocity: [1709264701.3370938,0.0, 0.0, 0.0]
Velocity: [1709264701.5240223,0.0, 0.0, 0.0]
Velocity: [1709264701.71259,0.0, 0.0, 0.0]
Velocity: [1709264701.9314246,0.0, 0.0, 0.0]
Velocity: [1709264702.1351023,0.0, 0.0, 0.0]
Velocity: [1709264702.4076319,0.0, 0.0, 2.0]
Velocity: [1709264702.7667863,0.0, 0.0, 2.0]
Velocity: [1709264702.791102,0.0, 0.0, 2.0]
Velocity: [1709264702.8289905,0.0, 0.0, 2.0]
Velocity: [1709264702.8560407,0.0, 0.0, 2.0]
Velocity: [1709264702.8932385,0.0, 0.0, 2.0]
Velocity: [1709264702.9142177,0.0, 0.0, 2.0]
Velocity: [1709264702.9622772,0.0, 0.0, 2.0]
Velocity: [1709264702.9900386,0.0, 0.0, 2.0]
Velocity: [1709264703.0260983,0.0, 0.0, 2.0]
Velocity: [1709264703.054046,0.0, 0.0, 2.0]
Velocity: [1709264703.0773435,0.0, 0.0, 2.0]
Velocity: [1709264703.1243129,0.0, 0.0, 2.0]
Velocity: [1709264703.1701026,0.0, 0.0, 2.0]
Velocity: [1709264703.2054238,0.0, 0.0, 2.0]
Velocity: [1709264703.2311628,0.0, 0.0, 2.0]
Velocity: [1709264703.2701886,0.0, 0.0, 2.0]
Velocity: [1709264703.3146005,0.0, 0.0, 2.0]
Velocity: [1709264703.3397908,0.0, 0.0, 2.0]
Velocity: [1709264703.3720908,0.0, 0.0, 2.0]
Velocity: [1709264703.4079456,0.0, 0.0, 2.0]
Velocity: [1709264703.431489,0.0, 0.0, 2.0]
Velocity: [1709264703.4719954,0.0, 0.0, 2.0]
Velocity: [1709264703.4907236,0.0, 0.0, 2.0]
Velocity: [1709264703.5214581,0.0, 0.0, 2.0]
Velocity: [1709264703.5630753,0.0, 0.0, 2.0]
Velocity: [1709264703.5950854,0.0, 0.0, 2.0]
Velocity: [1709264703.6259832,0.0, 0.0, 2.0]
Velocity: [1709264703.6881306,0.0, 0.0, 2.0]
Velocity: [1709264703.703169,0.0, 0.0, 2.0]
Velocity: [1709264703.7426207,0.0, 0.0, 2.0]
Velocity: [1709264703.783028,0.0, 0.0, 2.0]
Velocity: [1709264703.8201075,0.0, 0.0, 2.0]
Velocity: [1709264703.86516,0.0, 0.0, 2.0]
Velocity: [1709264703.8803136,0.0, 0.0, 2.0]
Velocity: [1709264703.929452,0.0, 0.0, 2.0]
Velocity: [1709264703.9482074,0.0, 0.0, 2.0]
Velocity: [1709264703.9777787,0.0, 0.0, 2.0]
Velocity: [1709264704.009043,0.0, 0.0, 2.0]
Velocity: [1709264704.0388844,0.0, 0.0, 2.0]
Velocity: [1709264704.0755155,0.0, 0.0, 2.0]
Velocity: [1709264704.1026835,0.0, 0.0, 2.0]
Velocity: [1709264704.1378462,0.0, 0.0, 2.0]
Velocity: [1709264704.1681807,0.0, 0.0, 2.0]
Velocity: [1709264704.1951616,0.0, 0.0, 2.0]
Velocity: [1709264704.2389243,0.0, 0.0, 2.0]
Velocity: [1709264704.273727,0.0, 0.0, 2.0]
Velocity: [1709264704.3157284,0.0, 0.0, 2.0]
Velocity: [1709264704.3538187,0.0, 0.0, 2.0]
Velocity: [1709264704.3541563,0.0, 0.0, 0.0]
Velocity: [1709264704.5675087,0.0, 0.0, 2.0]
Velocity: [1709264705.0572846,0.0, 0.0, 2.0]
Velocity: [1709264705.0883257,0.0, 0.0, 2.0]
Velocity: [1709264705.1196249,0.0, 0.0, 2.0]
Velocity: [1709264705.1545627,0.0, 0.0, 2.0]
Velocity: [1709264705.1990502,0.0, 0.0, 2.0]
Velocity: [1709264705.229355,0.0, 0.0, 2.0]
Velocity: [1709264705.2507617,0.0, 0.0, 2.0]
Velocity: [1709264705.2828507,0.0, 0.0, 2.0]
Velocity: [1709264705.3206873,0.0, 0.0, 2.0]
Velocity: [1709264705.3527792,0.0, 0.0, 2.0]
Velocity: [1709264705.386741,0.0, 0.0, 2.0]
Velocity: [1709264705.4307814,0.0, 0.0, 2.0]
Velocity: [1709264705.4452734,0.0, 0.0, 2.0]
Velocity: [1709264705.4766083,0.0, 0.0, 2.0]
Velocity: [1709264705.5229013,0.0, 0.0, 2.0]
Velocity: [1709264705.536865,0.0, 0.0, 2.0]
Velocity: [1709264705.575407,0.0, 0.0, 2.0]
Velocity: [1709264705.6037595,0.0, 0.0, 2.0]
Velocity: [1709264705.629171,0.0, 0.0, 2.0]
Velocity: [1709264705.666459,0.0, 0.0, 2.0]
Velocity: [1709264705.715295,0.0, 0.0, 2.0]
Velocity: [1709264705.7382324,0.0, 0.0, 2.0]
Velocity: [1709264705.76674,0.0, 0.0, 2.0]
Velocity: [1709264705.799204,0.0, 0.0, 2.0]
Velocity: [1709264705.826383,0.0, 0.0, 2.0]
Velocity: [1709264705.867628,0.0, 0.0, 2.0]
Velocity: [1709264705.9012542,0.0, 0.0, 2.0]
Velocity: [1709264705.9434426,0.0, 0.0, 2.0]
Velocity: [1709264705.9837947,0.0, 0.0, 2.0]
Velocity: [1709264706.0285628,0.0, 0.0, 2.0]
Velocity: [1709264706.0655057,0.0, 0.0, 2.0]
Velocity: [1709264706.1007369,0.0, 0.0, 2.0]
Velocity: [1709264706.1291833,0.0, 0.0, 2.0]
Velocity: [1709264706.1601582,0.0, 0.0, 2.0]
Velocity: [1709264706.210731,0.0, 0.0, 2.0]
Velocity: [1709264706.2235968,0.0, 0.0, 2.0]
Velocity: [1709264706.2533944,0.0, 0.0, 2.0]
Velocity: [1709264706.2886994,0.0, 0.0, 2.0]
Velocity: [1709264706.3137124,0.0, 0.0, 2.0]
Velocity: [1709264706.3471777,0.0, 0.0, 2.0]
Velocity: [1709264706.4011781,0.0, 0.0, 2.0]
Velocity: [1709264706.4300644,0.0, 0.0, 2.0]
Velocity: [1709264706.4564614,0.0, 0.0, 2.0]
Velocity: [1709264706.4844468,0.0, 0.0, 2.0]
Velocity: [1709264706.5226343,0.0, 0.0, 2.0]
Velocity: [1709264706.5540702,0.0, 0.0, 2.0]
Velocity: [1709264706.581001,0.0, 0.0, 2.0]
Velocity: [1709264706.6229062,0.0, 0.0, 2.0]
Velocity: [1709264706.6618903,0.0, 0.0, 2.0]
Velocity: [1709264706.6996944,0.0, 0.0, 2.0]
Velocity: [1709264706.7214527,0.0, 0.0, 2.0]
Velocity: [1709264706.750259,0.0, 0.0, 2.0]
Velocity: [1709264706.7777522,0.0, 0.0, 2.0]
Velocity: [1709264706.8083,0.0, 0.0, 2.0]
Velocity: [1709264706.8722208,0.0, 0.0, 2.0]
Velocity: [1709264706.8955016,0.0, 0.0, 2.0]
Velocity: [1709264706.9261901,0.0, 0.0, 2.0]
Velocity: [1709264706.95604,0.0, 0.0, 2.0]
Velocity: [1709264706.985213,0.0, 0.0, 2.0]
Velocity: [1709264707.0418015,0.0, 0.0, 2.0]
Velocity: [1709264707.0500312,0.0, 0.0, 2.0]
Velocity: [1709264707.0928235,0.0, 0.0, 2.0]
Velocity: [1709264707.1183138,0.0, 0.0, 2.0]
Velocity: [1709264707.154662,0.0, 0.0, 2.0]
Velocity: [1709264707.1912944,0.0, 0.0, 2.0]
Velocity: [1709264707.2232778,0.0, 0.0, 2.0]
Velocity: [1709264707.2236733,0.0, 0.0, 0.0]
Velocity: [1709264707.4494784,0.0, 0.0, 2.0]
Velocity: [1709264707.9087174,0.0, 0.0, 2.0]
Velocity: [1709264707.94427,0.0, 0.0, 2.0]
Velocity: [1709264707.9745016,0.0, 0.0, 2.0]
Velocity: [1709264708.0149393,0.0, 0.0, 2.0]
Velocity: [1709264708.0425148,0.0, 0.0, 2.0]
Velocity: [1709264708.0695505,0.0, 0.0, 2.0]
Velocity: [1709264708.103263,0.0, 0.0, 2.0]
Velocity: [1709264708.1294227,0.0, 0.0, 2.0]
Velocity: [1709264708.1699011,0.0, 0.0, 2.0]
Velocity: [1709264708.198535,0.0, 0.0, 2.0]
Velocity: [1709264708.231273,0.0, 0.0, 2.0]
Velocity: [1709264708.2682288,0.0, 0.0, 2.0]
Velocity: [1709264708.3055074,0.0, 0.0, 2.0]
Velocity: [1709264708.3453236,0.0, 0.0, 2.0]
Velocity: [1709264708.3762488,0.0, 0.0, 2.0]
Velocity: [1709264708.4023945,0.0, 0.0, 2.0]
Velocity: [1709264708.4309828,0.0, 0.0, 2.0]
Velocity: [1709264708.4619586,0.0, 0.0, 2.0]
Velocity: [1709264708.4983177,0.0, 0.0, 2.0]
Velocity: [1709264708.5371563,0.0, 0.0, 2.0]
Velocity: [1709264708.5800893,0.0, 0.0, 2.0]
Velocity: [1709264708.601384,0.0, 0.0, 2.0]
Velocity: [1709264708.6252518,0.0, 0.0, 2.0]
Velocity: [1709264708.6605878,0.0, 0.0, 2.0]
Velocity: [1709264708.7001972,0.0, 0.0, 2.0]
Velocity: [1709264708.726995,0.0, 0.0, 2.0]
Velocity: [1709264708.770052,0.0, 0.0, 2.0]
Velocity: [1709264708.7961898,0.0, 0.0, 2.0]
Velocity: [1709264708.8472018,0.0, 0.0, 2.0]
Velocity: [1709264708.8731828,0.0, 0.0, 2.0]
Velocity: [1709264708.9109032,0.0, 0.0, 2.0]
Velocity: [1709264708.9447784,0.0, 0.0, 2.0]
Velocity: [1709264708.9665668,0.0, 0.0, 2.0]
Velocity: [1709264708.9987066,0.0, 0.0, 2.0]
Velocity: [1709264709.0473342,0.0, 0.0, 2.0]
Velocity: [1709264709.0751443,0.0, 0.0, 2.0]
Velocity: [1709264709.0977879,0.0, 0.0, 2.0]
Velocity: [1709264709.1407783,0.0, 0.0, 2.0]
Velocity: [1709264709.1802495,0.0, 0.0, 2.0]
Velocity: [1709264709.1987708,0.0, 0.0, 2.0]
Velocity: [1709264709.228441,0.0, 0.0, 2.0]
Velocity: [1709264709.2524185,0.0, 0.0, 2.0]
Velocity: [1709264709.2819717,0.0, 0.0, 2.0]
Velocity: [1709264709.332206,0.0, 0.0, 2.0]
Velocity: [1709264709.354915,0.0, 0.0, 2.0]
Velocity: [1709264709.3795362,0.0, 0.0, 2.0]
Velocity: [1709264709.4151487,0.0, 0.0, 2.0]
Velocity: [1709264709.4502933,0.0, 0.0, 2.0]
Velocity: [1709264709.4893575,0.0, 0.0, 2.0]
Velocity: [1709264709.5229874,0.0, 0.0, 2.0]
Velocity: [1709264709.553281,0.0, 0.0, 2.0]
Velocity: [1709264709.5732594,0.0, 0.0, 2.0]
Velocity: [1709264709.6330395,0.0, 0.0, 2.0]
Velocity: [1709264709.6607327,0.0, 0.0, 2.0]
Velocity: [1709264709.6846292,0.0, 0.0, 2.0]
Velocity: [1709264709.7134688,0.0, 0.0, 2.0]
Velocity: [1709264709.7487428,0.0, 0.0, 2.0]
Velocity: [1709264709.7813494,0.0, 0.0, 2.0]
Velocity: [1709264709.822971,0.0, 0.0, 2.0]
Velocity: [1709264709.8574843,0.0, 0.0, 2.0]
Velocity: [1709264709.8793318,0.0, 0.0, 2.0]
Velocity: [1709264709.9243636,0.0, 0.0, 2.0]
Velocity: [1709264709.9487464,0.0, 0.0, 2.0]
Velocity: [1709264709.9943478,0.0, 0.0, 2.0]
Velocity: [1709264710.0207078,0.0, 0.0, 2.0]
Velocity: [1709264710.0543814,0.0, 0.0, 2.0]
Velocity: [1709264710.0986722,0.0, 0.0, 2.0]
Velocity: [1709264710.1201155,0.0, 0.0, 2.0]
Velocity: [1709264710.165161,0.0, 0.0, 2.0]
Velocity: [1709264710.1915343,0.0, 0.0, 2.0]
Velocity: [1709264710.2237704,0.0, 0.0, 2.0]
Velocity: [1709264710.2569976,0.0, 0.0, 2.0]
Velocity: [1709264710.290223,0.0, 0.0, 2.0]
Velocity: [1709264710.319329,0.0, 0.0, 2.0]
Velocity: [1709264710.3616664,0.0, 0.0, 2.0]
Velocity: [1709264710.3967905,0.0, 0.0, 2.0]
Velocity: [1709264710.4270217,0.0, 0.0, 2.0]
Velocity: [1709264710.4498358,0.0, 0.0, 2.0]
Velocity: [1709264710.4862247,0.0, 0.0, 2.0]
Velocity: [1709264710.5137181,0.0, 0.0, 2.0]
Velocity: [1709264710.5453165,0.0, 0.0, 2.0]
Velocity: [1709264710.5936565,0.0, 0.0, 2.0]
Velocity: [1709264710.62336,0.0, 0.0, 2.0]
Velocity: [1709264710.6559033,0.0, 0.0, 2.0]
Velocity: [1709264710.6959715,0.0, 0.0, 2.0]
Velocity: [1709264710.7315788,0.0, 0.0, 2.0]
Velocity: [1709264710.7786043,0.0, 0.0, 2.0]
Velocity: [1709264710.7956362,0.0, 0.0, 2.0]
Velocity: [1709264710.826838,0.0, 0.0, 2.0]
Velocity: [1709264710.8658476,0.0, 0.0, 2.0]
Velocity: [1709264710.8940666,0.0, 0.0, 2.0]
Velocity: [1709264710.9319916,0.0, 0.0, 2.0]
Velocity: [1709264710.98013,0.0, 0.0, 2.0]
Velocity: [1709264711.0008233,0.0, 0.0, 2.0]
Velocity: [1709264711.0479245,0.0, 0.0, 2.0]
Velocity: [1709264711.0770237,0.0, 0.0, 2.0]
Velocity: [1709264711.0996811,0.0, 0.0, 2.0]
Velocity: [1709264711.141757,0.0, 0.0, 2.0]
Velocity: [1709264711.1754959,0.0, 0.0, 2.0]
Velocity: [1709264711.214875,0.0, 0.0, 2.0]
Velocity: [1709264711.2372468,0.0, 0.0, 2.0]
Velocity: [1709264711.2698998,0.0, 0.0, 2.0]
Velocity: [1709264711.3049746,0.0, 0.0, 2.0]
Velocity: [1709264711.3396685,0.0, 0.0, 2.0]
Velocity: [1709264711.3587272,0.0, 0.0, 2.0]
Velocity: [1709264711.4074192,0.0, 0.0, 2.0]
Velocity: [1709264711.4389348,0.0, 0.0, 2.0]
Velocity: [1709264711.4606879,0.0, 0.0, 2.0]
Velocity: [1709264711.4964623,0.0, 0.0, 2.0]
Velocity: [1709264711.527013,0.0, 0.0, 2.0]
Velocity: [1709264711.5642312,0.0, 0.0, 2.0]
Velocity: [1709264711.5846312,0.0, 0.0, 2.0]
Velocity: [1709264711.6297538,0.0, 0.0, 2.0]
Velocity: [1709264711.6713326,0.0, 0.0, 2.0]
Velocity: [1709264711.6928976,0.0, 0.0, 2.0]
Velocity: [1709264711.7270784,0.0, 0.0, 2.0]
Velocity: [1709264711.7678733,0.0, 0.0, 2.0]
Velocity: [1709264711.7964573,0.0, 0.0, 2.0]
Velocity: [1709264711.818952,0.0, 0.0, 2.0]
Velocity: [1709264711.8527522,0.0, 0.0, 2.0]
Velocity: [1709264711.8915694,0.0, 0.0, 2.0]
Velocity: [1709264711.9204218,0.0, 0.0, 2.0]
Velocity: [1709264711.9492307,0.0, 0.0, 2.0]
Velocity: [1709264711.9733348,0.0, 0.0, 2.0]
Velocity: [1709264712.0129898,0.0, 0.0, 2.0]
Velocity: [1709264712.0604773,0.0, 0.0, 2.0]
Velocity: [1709264712.0682087,0.0, 0.0, 2.0]
Velocity: [1709264712.1081069,0.0, 0.0, 2.0]
Velocity: [1709264712.1403759,0.0, 0.0, 2.0]
Velocity: [1709264712.170455,0.0, 0.0, 2.0]
Velocity: [1709264712.2026145,0.0, 0.0, 2.0]
Velocity: [1709264712.2347589,0.0, 0.0, 2.0]
Velocity: [1709264712.2697778,0.0, 0.0, 2.0]
Velocity: [1709264712.2971094,0.0, 0.0, 2.0]
Velocity: [1709264712.3317978,0.0, 0.0, 2.0]
Velocity: [1709264712.3576705,0.0, 0.0, 2.0]
Velocity: [1709264712.388768,0.0, 0.0, 2.0]
Velocity: [1709264712.4196093,0.0, 0.0, 2.0]
Velocity: [1709264712.4580016,0.0, 0.0, 2.0]
Velocity: [1709264712.4884121,0.0, 0.0, 2.0]
Velocity: [1709264712.533859,0.0, 0.0, 2.0]
Velocity: [1709264712.5526726,0.0, 0.0, 2.0]
Velocity: [1709264712.5988538,0.0, 0.0, 2.0]
Velocity: [1709264712.6234202,0.0, 0.0, 2.0]
Velocity: [1709264712.65825,0.0, 0.0, 2.0]
Velocity: [1709264712.6940274,0.0, 0.0, 2.0]
Velocity: [1709264712.7283611,0.0, 0.0, 2.0]
Velocity: [1709264712.751828,0.0, 0.0, 2.0]
Velocity: [1709264712.8091667,0.0, 0.0, 2.0]
Velocity: [1709264712.8240898,0.0, 0.0, 2.0]
Velocity: [1709264712.8549132,0.0, 0.0, 2.0]
Velocity: [1709264712.8922951,0.0, 0.0, 2.0]
Velocity: [1709264712.9113748,0.0, 0.0, 2.0]
Velocity: [1709264712.9521918,0.0, 0.0, 2.0]
Velocity: [1709264712.984267,0.0, 0.0, 2.0]
Velocity: [1709264713.012229,0.0, 0.0, 2.0]
Velocity: [1709264713.0486674,0.0, 0.0, 2.0]
Velocity: [1709264713.0934494,0.0, 0.0, 2.0]
Velocity: [1709264713.1629179,0.0, 0.0, 2.0]
Velocity: [1709264713.1783242,0.0, 0.0, 2.0]
Velocity: [1709264713.212268,0.0, 0.0, 2.0]
Velocity: [1709264713.2501323,0.0, 0.0, 2.0]
Velocity: [1709264713.4952126,0.0, 0.0, 2.0]
Velocity: [1709264713.4956884,0.0, 0.0, 2.0]
Velocity: [1709264713.496005,0.0, 0.0, 2.0]
Velocity: [1709264713.496211,0.0, 0.0, 2.0]
Velocity: [1709264713.4964044,0.0, 0.0, 2.0]
Velocity: [1709264713.496591,0.0, 0.0, 2.0]
Velocity: [1709264713.4967651,0.0, 0.0, 2.0]
Velocity: [1709264713.496936,0.0, 0.0, 2.0]
Velocity: [1709264713.5616422,0.0, 0.0, 2.0]
Velocity: [1709264713.5620594,0.0, 0.0, 2.0]
Velocity: [1709264713.5949569,0.0, 0.0, 2.0]
Velocity: [1709264713.6276736,0.0, 0.0, 2.0]
Velocity: [1709264713.6813595,0.0, 0.0, 2.0]
Velocity: [1709264713.7077625,0.0, 0.0, 2.0]
Velocity: [1709264713.7286258,0.0, 0.0, 2.0]
Velocity: [1709264713.7566957,0.0, 0.0, 2.0]
Velocity: [1709264713.7827756,0.0, 0.0, 2.0]
Velocity: [1709264713.8136976,0.0, 0.0, 2.0]
Velocity: [1709264713.8577359,0.0, 0.0, 2.0]
Velocity: [1709264713.8781846,0.0, 0.0, 2.0]
Velocity: [1709264713.905838,0.0, 0.0, 2.0]
Velocity: [1709264713.9424994,0.0, 0.0, 2.0]
Velocity: [1709264713.9766636,0.0, 0.0, 2.0]
Velocity: [1709264714.0155497,0.0, 0.0, 2.0]
Velocity: [1709264714.0534565,0.0, 0.0, 2.0]
Velocity: [1709264714.07558,0.0, 0.0, 2.0]
Velocity: [1709264714.116073,0.0, 0.0, 2.0]
Velocity: [1709264714.1630378,0.0, 0.0, 2.0]
Velocity: [1709264714.1703753,0.0, 0.0, 2.0]
Velocity: [1709264714.2084575,0.0, 0.0, 2.0]
Velocity: [1709264714.243912,0.0, 0.0, 2.0]
Velocity: [1709264714.2789423,0.0, 0.0, 2.0]
Velocity: [1709264714.3036697,0.0, 0.0, 2.0]
Velocity: [1709264714.3385384,0.0, 0.0, 2.0]
Velocity: [1709264714.3734484,0.0, 0.0, 2.0]
Velocity: [1709264714.4182675,0.0, 0.0, 2.0]
Velocity: [1709264714.4373531,0.0, 0.0, 2.0]
Velocity: [1709264714.4799368,0.0, 0.0, 2.0]
Velocity: [1709264714.5091295,0.0, 0.0, 2.0]
Velocity: [1709264714.5521781,0.0, 0.0, 2.0]
Velocity: [1709264714.5779655,0.0, 0.0, 2.0]
Velocity: [1709264714.6043022,0.0, 0.0, 2.0]
Velocity: [1709264714.6299038,0.0, 0.0, 2.0]
Velocity: [1709264714.6752942,0.0, 0.0, 2.0]
Velocity: [1709264714.704789,0.0, 0.0, 2.0]
Velocity: [1709264714.7331529,0.0, 0.0, 2.0]
Velocity: [1709264714.7693114,0.0, 0.0, 2.0]
Velocity: [1709264714.7974303,0.0, 0.0, 2.0]
Velocity: [1709264714.8305354,0.0, 0.0, 2.0]
Velocity: [1709264714.8605666,0.0, 0.0, 2.0]
Velocity: [1709264714.8956218,0.0, 0.0, 2.0]
Velocity: [1709264714.9273503,0.0, 0.0, 2.0]
Velocity: [1709264714.9609413,0.0, 0.0, 2.0]
Velocity: [1709264714.9951723,0.0, 0.0, 2.0]
Velocity: [1709264715.0248806,0.0, 0.0, 2.0]
Velocity: [1709264715.053733,0.0, 0.0, 2.0]
Velocity: [1709264715.0918946,0.0, 0.0, 2.0]
Velocity: [1709264715.1068375,0.0, 0.0, 0.0]
Velocity: [1709264715.305611,0.0, 0.0, 0.0]
Velocity: [1709264715.5348794,0.0, 0.0, 0.0]
Velocity: [1709264715.8425984,0.0, 0.0, 0.0]
Velocity: [1709264716.5782824,0.0, 0.0, 0.0]
Velocity: [1709264716.817232,0.0, 0.0, 0.0]
Velocity: [1709264717.0317876,0.0, 0.0, 0.0]
Velocity: [1709264717.35746,0.0, 0.0, 0.0]
Velocity: [1709264717.5328453,0.0, 0.0, 0.0]
Velocity: [1709264717.7440345,0.0, 0.0, 0.0]
Velocity: [1709264717.9589236,0.0, 0.0, 0.0]
Velocity: [1709264718.174952,0.0, 0.0, 0.0]
Velocity: [1709264718.3991811,0.0, 0.0, 0.0]
Velocity: [1709264718.707005,0.0, 0.0, 0.0]
Velocity: [1709264718.967598,0.0, 0.0, 0.0]
Velocity: [1709264719.2262902,0.0, 0.0, 0.0]
Velocity: [1709264719.4395008,0.0, 0.0, 0.0]
Velocity: [1709264719.6861887,0.0, 0.0, 0.0]
Velocity: [1709264719.870429,0.0, 0.0, 0.0]
Velocity: [1709264720.0955627,0.0, 0.0, 0.0]
Velocity: [1709264720.300039,0.0, 0.0, 0.0]
Velocity: [1709264720.520626,0.0, 0.0, 0.0]
Velocity: [1709264720.7635505,0.0, 0.0, 0.0]
Velocity: [1709264721.1722722,0.0, 0.0, 0.0]
Velocity: [1709264721.313195,0.0, 0.0, 0.0]
Velocity: [1709264721.5792,0.0, 0.0, 0.0]
Velocity: [1709264721.7983315,0.0, 0.0, 0.0]
Velocity: [1709264722.007775,0.0, 0.0, 0.0]
Velocity: [1709264722.20731,0.0, 0.0, 0.0]
Velocity: [1709264722.4087384,0.0, 0.0, 0.0]
Velocity: [1709264722.6354399,0.0, 0.0, 0.0]
Velocity: [1709264722.8245063,0.0, 0.0, 0.0]
Velocity: [1709264723.021558,0.0, 0.0, 0.0]
Velocity: [1709264723.2086887,0.0, 0.0, 0.0]
Velocity: [1709264723.4198346,0.0, 0.0, 0.0]
Velocity: [1709264723.6356149,0.0, 0.0, 0.0]
Velocity: [1709264723.849544,0.0, 0.0, 0.0]
Velocity: [1709264724.0564744,0.0, 0.0, 0.0]
Velocity: [1709264724.2744179,0.0, 0.0, 0.0]
Velocity: [1709264724.5034275,0.0, 0.0, 0.0]
Velocity: [1709264724.7118921,0.0, 0.0, 0.0]
Velocity: [1709264724.9115412,0.0, 0.0, 0.0]
Velocity: [1709264725.0966287,0.0, 0.0, 0.0]
Velocity: [1709264725.2997258,0.0, 0.0, 0.0]
Velocity: [1709264725.7076204,0.0, 0.0, 0.0]
Velocity: [1709264725.9125314,0.0, 0.0, 0.0]
Velocity: [1709264726.1216235,0.0, 0.0, 0.0]
Velocity: [1709264726.3289194,0.0, 0.0, 0.0]
Velocity: [1709264726.54997,0.0, 0.0, 0.0]
Velocity: [1709264726.765021,0.0, 0.0, 0.0]
Velocity: [1709264726.9708421,0.0, 0.0, 0.0]
Velocity: [1709264727.19974,0.0, 0.0, 0.0]
