Velocity: [1709298210.1459942,1.5, 0.0, 0.0]
Velocity: [1709298210.661411,1.5, 0.0, 0.0]
Velocity: [1709298210.6889365,1.5, 0.0, 0.0]
Velocity: [1709298210.7289488,1.5, 0.0, 0.0]
Velocity: [1709298210.755574,1.5, 0.0, 0.0]
Velocity: [1709298210.7884207,1.5, 0.0, 0.0]
Velocity: [1709298210.8185444,1.5, 0.0, 0.0]
Velocity: [1709298210.8538399,1.5, 0.0, 0.0]
Velocity: [1709298210.8855712,1.5, 0.0, 0.0]
Velocity: [1709298210.9207628,1.5, 0.0, 0.0]
Velocity: [1709298210.9497683,1.5, 0.0, 0.0]
Velocity: [1709298210.9857135,1.5, 0.0, 0.0]
Velocity: [1709298211.0199785,1.5, 0.0, 0.0]
Velocity: [1709298211.04878,1.5, 0.0, 0.0]
Velocity: [1709298211.0791655,1.5, 0.0, 0.0]
Velocity: [1709298211.1140797,1.5, 0.0, 0.0]
Velocity: [1709298211.1488388,1.5, 0.0, 0.0]
Velocity: [1709298211.1757035,1.5, 0.0, 0.0]
Velocity: [1709298211.2145836,1.5, 0.0, 0.0]
Velocity: [1709298211.260592,1.5, 0.0, 0.0]
Velocity: [1709298211.3020065,1.5, 0.0, 0.0]
Velocity: [1709298211.3351703,1.5, 0.0, 0.0]
Velocity: [1709298211.3618772,1.5, 0.0, 0.0]
Velocity: [1709298211.3904786,1.5, 0.0, 0.0]
Velocity: [1709298211.4252272,1.5, 0.0, 0.0]
Velocity: [1709298211.455802,1.5, 0.0, 0.0]
Velocity: [1709298211.4939413,1.5, 0.0, 0.0]
Velocity: [1709298211.5433793,1.5, 0.0, 0.0]
Velocity: [1709298211.5656831,1.5, 0.0, 0.0]
Velocity: [1709298211.5999503,1.5, 0.0, 0.0]
Velocity: [1709298211.6331842,1.5, 0.0, 0.0]
Velocity: [1709298211.6604288,1.5, 0.0, 0.0]
Velocity: [1709298211.6942437,1.5, 0.0, 0.0]
Velocity: [1709298211.7536166,1.5, 0.0, 0.0]
Velocity: [1709298211.7741303,1.5, 0.0, 0.0]
Velocity: [1709298211.820428,1.5, 0.0, 0.0]
Velocity: [1709298211.8419302,1.5, 0.0, 0.0]
Velocity: [1709298211.8860767,1.5, 0.0, 0.0]
Velocity: [1709298211.9166317,1.5, 0.0, 0.0]
Velocity: [1709298211.944123,1.5, 0.0, 0.0]
Velocity: [1709298211.9778402,1.5, 0.0, 0.0]
Velocity: [1709298212.011798,1.5, 0.0, 0.0]
Velocity: [1709298212.051684,1.5, 0.0, 0.0]
Velocity: [1709298212.081462,1.5, 0.0, 0.0]
Velocity: [1709298212.2635026,1.5, 0.0, 0.0]
Velocity: [1709298212.2639012,1.5, 0.0, 0.0]
Velocity: [1709298212.2641613,1.5, 0.0, 0.0]
Velocity: [1709298212.2643447,1.5, 0.0, 0.0]
Velocity: [1709298212.2645237,1.5, 0.0, 0.0]
Velocity: [1709298212.279428,1.5, 0.0, 0.0]
Velocity: [1709298212.3226085,1.5, 0.0, 0.0]
Velocity: [1709298212.3487039,1.5, 0.0, 0.0]
Velocity: [1709298212.3760393,1.5, 0.0, 0.0]
Velocity: [1709298212.4093652,1.5, 0.0, 0.0]
Velocity: [1709298212.4771633,1.5, 0.0, 0.0]
Velocity: [1709298212.5070028,1.5, 0.0, 0.0]
Velocity: [1709298212.535635,1.5, 0.0, 0.0]
Velocity: [1709298212.5914462,1.5, 0.0, 0.0]
Velocity: [1709298212.6084971,1.5, 0.0, 0.0]
Velocity: [1709298212.6381016,1.5, 0.0, 0.0]
Velocity: [1709298212.66974,1.5, 0.0, 0.0]
Velocity: [1709298212.7056134,1.5, 0.0, 0.0]
Velocity: [1709298212.7405686,1.5, 0.0, 0.0]
Velocity: [1709298212.7631652,1.5, 0.0, 0.0]
Velocity: [1709298212.7939668,1.5, 0.0, 0.0]
Velocity: [1709298212.8245547,1.5, 0.0, 0.0]
Velocity: [1709298212.8551202,1.5, 0.0, 0.0]
Velocity: [1709298212.8966434,1.5, 0.0, 0.0]
Velocity: [1709298212.9213471,1.5, 0.0, 0.0]
Velocity: [1709298212.9548328,1.5, 0.0, 0.0]
Velocity: [1709298212.998153,1.5, 0.0, 0.0]
Velocity: [1709298213.0165124,1.5, 0.0, 0.0]
Velocity: [1709298213.056704,1.5, 0.0, 0.0]
Velocity: [1709298213.0834796,1.5, 0.0, 0.0]
Velocity: [1709298213.1248565,1.5, 0.0, 0.0]
Velocity: [1709298213.1603575,1.5, 0.0, 0.0]
Velocity: [1709298213.1852443,1.5, 0.0, 0.0]
Velocity: [1709298213.2255461,1.5, 0.0, 0.0]
Velocity: [1709298213.250443,1.5, 0.0, 0.0]
Velocity: [1709298213.2813287,1.5, 0.0, 0.0]
Velocity: [1709298213.3160815,1.5, 0.0, 0.0]
Velocity: [1709298213.3468142,1.5, 0.0, 0.0]
Velocity: [1709298213.3836532,1.5, 0.0, 0.0]
Velocity: [1709298213.417481,1.5, 0.0, 0.0]
Velocity: [1709298213.4408185,1.5, 0.0, 0.0]
Velocity: [1709298213.5007727,1.5, 0.0, 0.0]
Velocity: [1709298213.5316389,1.5, 0.0, 0.0]
Velocity: [1709298213.573021,1.5, 0.0, 0.0]
Velocity: [1709298213.5942113,1.5, 0.0, 0.0]
Velocity: [1709298213.6379626,1.5, 0.0, 0.0]
Velocity: [1709298213.6566124,1.5, 0.0, 0.0]
Velocity: [1709298213.692612,1.5, 0.0, 0.0]
Velocity: [1709298213.7261674,1.5, 0.0, 0.0]
Velocity: [1709298213.7526743,1.5, 0.0, 0.0]
Velocity: [1709298213.7933295,1.5, 0.0, 0.0]
Velocity: [1709298213.8206139,1.5, 0.0, 0.0]
Velocity: [1709298213.8604686,1.5, 0.0, 0.0]
Velocity: [1709298213.885396,1.5, 0.0, 0.0]
Velocity: [1709298213.9208345,1.5, 0.0, 0.0]
Velocity: [1709298213.9515624,1.5, 0.0, 0.0]
Velocity: [1709298213.9806452,1.5, 0.0, 0.0]
Velocity: [1709298214.0222142,1.5, 0.0, 0.0]
Velocity: [1709298214.0517914,1.5, 0.0, 0.0]
Velocity: [1709298214.0872202,1.5, 0.0, 0.0]
Velocity: [1709298214.1204379,1.5, 0.0, 0.0]
Velocity: [1709298214.1425068,1.5, 0.0, 0.0]
Velocity: [1709298214.1716983,1.5, 0.0, 0.0]
Velocity: [1709298214.2064033,1.5, 0.0, 0.0]
Velocity: [1709298214.2300918,1.5, 0.0, 0.0]
Velocity: [1709298214.2673652,1.5, 0.0, 0.0]
Velocity: [1709298214.3001447,1.5, 0.0, 0.0]
Velocity: [1709298214.3276584,1.5, 0.0, 0.0]
Velocity: [1709298214.3700516,1.5, 0.0, 0.0]
Velocity: [1709298214.40422,1.5, 0.0, 0.0]
Velocity: [1709298214.4357138,1.5, 0.0, 0.0]
Velocity: [1709298214.4620314,1.5, 0.0, 0.0]
Velocity: [1709298214.4877052,1.5, 0.0, 0.0]
Velocity: [1709298214.5194185,1.5, 0.0, 0.0]
Velocity: [1709298214.567549,1.5, 0.0, 0.0]
Velocity: [1709298214.6025488,1.5, 0.0, 0.0]
Velocity: [1709298214.6263406,1.5, 0.0, 0.0]
Velocity: [1709298214.658282,1.5, 0.0, 0.0]
Velocity: [1709298214.6993554,1.5, 0.0, 0.0]
Velocity: [1709298214.7235742,1.5, 0.0, 0.0]
Velocity: [1709298214.7593412,1.5, 0.0, 0.0]
Velocity: [1709298214.7881827,1.5, 0.0, 0.0]
Velocity: [1709298214.820349,1.5, 0.0, 0.0]
Velocity: [1709298214.8496597,1.5, 0.0, 0.0]
Velocity: [1709298214.886246,1.5, 0.0, 0.0]
Velocity: [1709298214.921731,1.5, 0.0, 0.0]
Velocity: [1709298214.9544866,1.5, 0.0, 0.0]
Velocity: [1709298214.982824,1.5, 0.0, 0.0]
Velocity: [1709298215.0227664,1.5, 0.0, 0.0]
Velocity: [1709298215.0525353,1.5, 0.0, 0.0]
Velocity: [1709298215.0869708,1.5, 0.0, 0.0]
Velocity: [1709298215.1119587,1.5, 0.0, 0.0]
Velocity: [1709298215.160887,1.5, 0.0, 0.0]
Velocity: [1709298215.1916652,1.5, 0.0, 0.0]
Velocity: [1709298215.2227833,1.5, 0.0, 0.0]
Velocity: [1709298215.2542613,1.5, 0.0, 0.0]
Velocity: [1709298215.2909691,1.5, 0.0, 0.0]
Velocity: [1709298215.3201149,1.5, 0.0, 0.0]
Velocity: [1709298215.3499577,1.5, 0.0, 0.0]
Velocity: [1709298215.3824656,1.5, 0.0, 0.0]
Velocity: [1709298215.42472,1.5, 0.0, 0.0]
Velocity: [1709298215.4483514,1.5, 0.0, 0.0]
Velocity: [1709298215.6015062,1.5, 0.0, 0.0]
Velocity: [1709298215.6018813,1.5, 0.0, 0.0]
Velocity: [1709298215.6020658,1.5, 0.0, 0.0]
Velocity: [1709298215.6022482,1.5, 0.0, 0.0]
Velocity: [1709298215.6024232,1.5, 0.0, 0.0]
Velocity: [1709298215.634561,1.5, 0.0, 0.0]
Velocity: [1709298215.683535,1.5, 0.0, 0.0]
Velocity: [1709298215.7066958,1.5, 0.0, 0.0]
Velocity: [1709298215.74596,1.5, 0.0, 0.0]
Velocity: [1709298215.7757888,1.5, 0.0, 0.0]
Velocity: [1709298215.8411584,1.5, 0.0, 0.0]
Velocity: [1709298215.8727603,1.5, 0.0, 0.0]
Velocity: [1709298215.9083657,1.5, 0.0, 0.0]
Velocity: [1709298215.9341938,1.5, 0.0, 0.0]
Velocity: [1709298215.9659104,1.5, 0.0, 0.0]
Velocity: [1709298216.0081756,1.5, 0.0, 0.0]
Velocity: [1709298216.0324934,1.5, 0.0, 0.0]
Velocity: [1709298216.0698032,1.5, 0.0, 0.0]
Velocity: [1709298216.0999494,1.5, 0.0, 0.0]
Velocity: [1709298216.128486,1.5, 0.0, 0.0]
Velocity: [1709298216.1766405,1.5, 0.0, 0.0]
Velocity: [1709298216.2115676,1.5, 0.0, 0.0]
Velocity: [1709298216.2391448,1.5, 0.0, 0.0]
Velocity: [1709298216.261876,1.5, 0.0, 0.0]
Velocity: [1709298216.3057516,1.5, 0.0, 0.0]
Velocity: [1709298216.3345032,1.5, 0.0, 0.0]
Velocity: [1709298216.3617508,1.5, 0.0, 0.0]
Velocity: [1709298216.3880403,1.5, 0.0, 0.0]
Velocity: [1709298216.4304621,1.5, 0.0, 0.0]
Velocity: [1709298216.4532447,1.5, 0.0, 0.0]
Velocity: [1709298216.492481,1.5, 0.0, 0.0]
Velocity: [1709298216.532015,1.5, 0.0, 0.0]
Velocity: [1709298216.5566485,1.5, 0.0, 0.0]
Velocity: [1709298216.590606,1.5, 0.0, 0.0]
Velocity: [1709298216.624146,1.5, 0.0, 0.0]
Velocity: [1709298216.6731746,1.5, 0.0, 0.0]
Velocity: [1709298216.7059705,1.5, 0.0, 0.0]
Velocity: [1709298216.7420983,1.5, 0.0, 0.0]
Velocity: [1709298216.767908,1.5, 0.0, 0.0]
Velocity: [1709298216.8000698,1.5, 0.0, 0.0]
Velocity: [1709298216.832172,1.5, 0.0, 0.0]
Velocity: [1709298216.8605716,1.5, 0.0, 0.0]
Velocity: [1709298216.8951745,1.5, 0.0, 0.0]
Velocity: [1709298216.9266872,1.5, 0.0, 0.0]
Velocity: [1709298216.959879,1.5, 0.0, 0.0]
Velocity: [1709298216.9969323,1.5, 0.0, 0.0]
Velocity: [1709298217.0314598,1.5, 0.0, 0.0]
Velocity: [1709298217.0673106,1.5, 0.0, 0.0]
Velocity: [1709298217.100757,1.5, 0.0, 0.0]
Velocity: [1709298217.1408942,1.5, 0.0, 0.0]
Velocity: [1709298217.163948,1.5, 0.0, 0.0]
Velocity: [1709298217.1931307,1.5, 0.0, 0.0]
Velocity: [1709298217.230055,1.5, 0.0, 0.0]
Velocity: [1709298217.2718065,1.5, 0.0, 0.0]
Velocity: [1709298217.3036432,1.5, 0.0, 0.0]
Velocity: [1709298217.3374608,1.5, 0.0, 0.0]
Velocity: [1709298217.3671129,1.5, 0.0, 0.0]
Velocity: [1709298217.3988745,1.5, 0.0, 0.0]
Velocity: [1709298217.4290953,1.5, 0.0, 0.0]
Velocity: [1709298217.4534953,1.5, 0.0, 0.0]
Velocity: [1709298217.4888542,1.5, 0.0, 0.0]
Velocity: [1709298217.5182426,1.5, 0.0, 0.0]
Velocity: [1709298217.5510867,1.5, 0.0, 0.0]
Velocity: [1709298217.5827177,1.5, 0.0, 0.0]
Velocity: [1709298217.6264358,1.5, 0.0, 0.0]
Velocity: [1709298217.6559443,1.5, 0.0, 0.0]
Velocity: [1709298217.6848505,1.5, 0.0, 0.0]
Velocity: [1709298217.7327604,1.5, 0.0, 0.0]
Velocity: [1709298217.7607062,1.5, 0.0, 0.0]
Velocity: [1709298217.7916203,1.5, 0.0, 0.0]
Velocity: [1709298217.818062,1.5, 0.0, 0.0]
Velocity: [1709298217.8494635,1.5, 0.0, 0.0]
Velocity: [1709298217.8800611,1.5, 0.0, 0.0]
Velocity: [1709298217.9136806,1.5, 0.0, 0.0]
Velocity: [1709298217.9428637,1.5, 0.0, 0.0]
Velocity: [1709298217.9720566,1.5, 0.0, 0.0]
Velocity: [1709298218.006972,1.5, 0.0, 0.0]
Velocity: [1709298218.0395784,1.5, 0.0, 0.0]
Velocity: [1709298218.0745394,1.5, 0.0, 0.0]
Velocity: [1709298218.1086347,1.5, 0.0, 0.0]
Velocity: [1709298218.130594,1.5, 0.0, 0.0]
Velocity: [1709298218.1635737,1.5, 0.0, 0.0]
Velocity: [1709298218.1975882,1.5, 0.0, 0.0]
Velocity: [1709298218.2408564,1.5, 0.0, 0.0]
Velocity: [1709298218.2649894,1.5, 0.0, 0.0]
Velocity: [1709298218.3014777,1.5, 0.0, 0.0]
Velocity: [1709298218.324541,1.5, 0.0, 0.0]
Velocity: [1709298218.3564034,1.5, 0.0, 0.0]
Velocity: [1709298218.3876803,1.5, 0.0, 0.0]
Velocity: [1709298218.424867,1.5, 0.0, 0.0]
Velocity: [1709298218.4487987,1.5, 0.0, 0.0]
Velocity: [1709298218.4952831,1.5, 0.0, 0.0]
Velocity: [1709298218.5261552,1.5, 0.0, 0.0]
Velocity: [1709298218.5727253,1.5, 0.0, 0.0]
Velocity: [1709298218.6199832,1.5, 0.0, 0.0]
Velocity: [1709298218.6455367,1.5, 0.0, 0.0]
Velocity: [1709298218.688232,1.5, 0.0, 0.0]
Velocity: [1709298218.7177162,1.5, 0.0, 0.0]
Velocity: [1709298218.7471259,1.5, 0.0, 0.0]
Velocity: [1709298218.7915356,1.5, 0.0, 0.0]
Velocity: [1709298218.8117363,1.5, 0.0, 0.0]
Velocity: [1709298218.8655505,1.5, 0.0, 0.0]
Velocity: [1709298218.8890517,1.5, 0.0, 0.0]
Velocity: [1709298218.9170506,1.5, 0.0, 0.0]
Velocity: [1709298218.9453716,1.5, 0.0, 0.0]
Velocity: [1709298218.9797602,1.5, 0.0, 0.0]
Velocity: [1709298219.0934718,1.5, 0.0, 0.0]
Velocity: [1709298219.0938907,1.5, 0.0, 0.0]
Velocity: [1709298219.0940773,1.5, 0.0, 0.0]
Velocity: [1709298219.1192095,1.5, 0.0, 0.0]
Velocity: [1709298219.1516254,1.5, 0.0, 0.0]
Velocity: [1709298219.1904655,1.5, 0.0, 0.0]
Velocity: [1709298219.2242794,1.5, 0.0, 0.0]
Velocity: [1709298219.2544312,1.5, 0.0, 0.0]
Velocity: [1709298219.2780328,1.5, 0.0, 0.0]
Velocity: [1709298219.3171208,1.5, 0.0, 0.0]
Velocity: [1709298219.3410156,1.5, 0.0, 0.0]
Velocity: [1709298219.3733494,1.5, 0.0, 0.0]
Velocity: [1709298219.4050922,1.5, 0.0, 0.0]
Velocity: [1709298219.4379702,1.5, 0.0, 0.0]
Velocity: [1709298219.479083,1.5, 0.0, 0.0]
Velocity: [1709298219.5078907,1.5, 0.0, 0.0]
Velocity: [1709298219.537663,1.5, 0.0, 0.0]
Velocity: [1709298219.5692482,1.5, 0.0, 0.0]
Velocity: [1709298219.6139374,1.5, 0.0, 0.0]
Velocity: [1709298219.6465364,1.5, 0.0, 0.0]
Velocity: [1709298219.6786957,1.5, 0.0, 0.0]
Velocity: [1709298219.7073197,1.5, 0.0, 0.0]
Velocity: [1709298219.7417119,1.5, 0.0, 0.0]
Velocity: [1709298219.7724922,1.5, 0.0, 0.0]
Velocity: [1709298219.8210323,1.5, 0.0, 0.0]
Velocity: [1709298219.8415637,1.5, 0.0, 0.0]
Velocity: [1709298219.8795033,1.5, 0.0, 0.0]
Velocity: [1709298219.9139922,1.5, 0.0, 0.0]
Velocity: [1709298219.9567103,1.5, 0.0, 0.0]
Velocity: [1709298219.9821186,1.5, 0.0, 0.0]
Velocity: [1709298220.0120387,1.5, 0.0, 0.0]
Velocity: [1709298220.0489528,1.5, 0.0, 0.0]
Velocity: [1709298220.0909,1.5, 0.0, 0.0]
Velocity: [1709298220.1143353,1.5, 0.0, 0.0]
Velocity: [1709298220.1468654,1.5, 0.0, 0.0]
Velocity: [1709298220.1801767,1.5, 0.0, 0.0]
Velocity: [1709298220.2135525,1.5, 0.0, 0.0]
Velocity: [1709298220.2475915,1.5, 0.0, 0.0]
Velocity: [1709298220.279829,1.5, 0.0, 0.0]
Velocity: [1709298220.3169942,1.5, 0.0, 0.0]
Velocity: [1709298220.3483381,1.5, 0.0, 0.0]
Velocity: [1709298220.3774326,1.5, 0.0, 0.0]
Velocity: [1709298220.4135766,1.5, 0.0, 0.0]
Velocity: [1709298220.4393554,1.5, 0.0, 0.0]
Velocity: [1709298220.4759765,1.5, 0.0, 0.0]
Velocity: [1709298220.5098865,1.5, 0.0, 0.0]
Velocity: [1709298220.5356984,1.5, 0.0, 0.0]
Velocity: [1709298220.5705984,1.5, 0.0, 0.0]
Velocity: [1709298220.6273568,1.5, 0.0, 0.0]
Velocity: [1709298220.6706629,1.5, 0.0, 0.0]
Velocity: [1709298220.6873066,1.5, 0.0, 0.0]
Velocity: [1709298220.7319314,1.5, 0.0, 0.0]
Velocity: [1709298220.762139,1.5, 0.0, 0.0]
Velocity: [1709298220.7946453,1.5, 0.0, 0.0]
Velocity: [1709298220.8281846,1.5, 0.0, 0.0]
Velocity: [1709298220.8544548,1.5, 0.0, 0.0]
Velocity: [1709298220.8847759,1.5, 0.0, 0.0]
Velocity: [1709298220.918439,1.5, 0.0, 0.0]
Velocity: [1709298220.958091,1.5, 0.0, 0.0]
Velocity: [1709298220.9819632,1.5, 0.0, 0.0]
Velocity: [1709298221.0131292,1.5, 0.0, 0.0]
Velocity: [1709298221.0485096,1.5, 0.0, 0.0]
Velocity: [1709298221.0815861,1.5, 0.0, 0.0]
Velocity: [1709298221.1074674,1.5, 0.0, 0.0]
Velocity: [1709298221.144508,1.5, 0.0, 0.0]
Velocity: [1709298221.1788864,1.5, 0.0, 0.0]
Velocity: [1709298221.2069106,1.5, 0.0, 0.0]
Velocity: [1709298221.2494626,1.5, 0.0, 0.0]
Velocity: [1709298221.294938,1.5, 0.0, 0.0]
Velocity: [1709298221.3097272,1.5, 0.0, 0.0]
Velocity: [1709298221.3438344,1.5, 0.0, 0.0]
Velocity: [1709298221.3695369,1.5, 0.0, 0.0]
Velocity: [1709298221.4045913,1.5, 0.0, 0.0]
Velocity: [1709298221.4369576,1.5, 0.0, 0.0]
Velocity: [1709298221.4696867,1.5, 0.0, 0.0]
Velocity: [1709298221.5057533,1.5, 0.0, 0.0]
Velocity: [1709298221.5317564,1.5, 0.0, 0.0]
Velocity: [1709298221.569289,1.5, 0.0, 0.0]
Velocity: [1709298221.5964181,1.5, 0.0, 0.0]
Velocity: [1709298221.6299763,1.5, 0.0, 0.0]
Velocity: [1709298221.6615179,1.5, 0.0, 0.0]
Velocity: [1709298221.6963542,1.5, 0.0, 0.0]
Velocity: [1709298221.7265403,1.5, 0.0, 0.0]
Velocity: [1709298221.758945,1.5, 0.0, 0.0]
Velocity: [1709298221.7920494,1.5, 0.0, 0.0]
Velocity: [1709298221.8253477,1.5, 0.0, 0.0]
Velocity: [1709298221.8496482,1.5, 0.0, 0.0]
Velocity: [1709298221.8867612,1.5, 0.0, 0.0]
Velocity: [1709298221.9238744,1.5, 0.0, 0.0]
Velocity: [1709298221.9562986,1.5, 0.0, 0.0]
Velocity: [1709298221.9829314,1.5, 0.0, 0.0]
Velocity: [1709298222.0177157,1.5, 0.0, 0.0]
Velocity: [1709298222.0562294,1.5, 0.0, 0.0]
Velocity: [1709298222.0905316,1.5, 0.0, 0.0]
Velocity: [1709298222.122381,1.5, 0.0, 0.0]
Velocity: [1709298222.1525412,1.5, 0.0, 0.0]
Velocity: [1709298222.1954577,1.5, 0.0, 0.0]
Velocity: [1709298222.234858,1.5, 0.0, 0.0]
Velocity: [1709298222.2562428,1.5, 0.0, 0.0]
Velocity: [1709298222.400991,1.5, 0.0, 0.0]
Velocity: [1709298222.401204,1.5, 0.0, 0.0]
Velocity: [1709298222.4013853,1.5, 0.0, 0.0]
Velocity: [1709298222.4015665,1.5, 0.0, 0.0]
Velocity: [1709298222.4300787,1.5, 0.0, 0.0]
Velocity: [1709298222.4680684,1.5, 0.0, 0.0]
Velocity: [1709298222.5008125,1.5, 0.0, 0.0]
Velocity: [1709298222.5322285,1.5, 0.0, 0.0]
Velocity: [1709298222.568901,1.5, 0.0, 0.0]
Velocity: [1709298222.5956295,1.5, 0.0, 0.0]
Velocity: [1709298222.6394482,1.5, 0.0, 0.0]
Velocity: [1709298222.664048,1.5, 0.0, 0.0]
Velocity: [1709298222.7115371,1.5, 0.0, 0.0]
Velocity: [1709298222.7439728,1.5, 0.0, 0.0]
Velocity: [1709298222.7673018,1.5, 0.0, 0.0]
Velocity: [1709298222.7711146,0.0, 0.0, 0.0]
Velocity: [1709298222.995199,0.0, 0.0, 0.0]
Velocity: [1709298223.1710608,0.0, 0.0, 0.0]
Velocity: [1709298223.3460355,0.0, 0.0, 0.0]
Velocity: [1709298223.5994346,0.0, 0.0, 0.0]
Velocity: [1709298223.7503169,0.0, 0.0, 0.0]
Velocity: [1709298224.0803893,0.0, 0.0, 0.0]
Velocity: [1709298224.281499,0.0, 0.0, 0.0]
Velocity: [1709298224.4939718,0.0, 0.0, 0.0]
Velocity: [1709298224.7155552,0.0, 0.0, 0.0]
Velocity: [1709298224.9297922,0.0, 0.0, 0.0]
Velocity: [1709298225.122869,0.0, 0.0, 0.0]
Velocity: [1709298225.3264432,0.0, 0.0, 0.0]
Velocity: [1709298225.5236642,0.0, 0.0, 0.0]
Velocity: [1709298225.722378,0.0, 0.0, 0.0]
Velocity: [1709298225.9493132,0.0, 0.0, 0.0]
Velocity: [1709298226.1543837,0.0, 0.0, 0.0]
Velocity: [1709298226.3404129,0.0, 0.0, 0.0]
Velocity: [1709298226.5607028,0.0, 0.0, 0.0]
Velocity: [1709298226.7922904,0.0, 0.0, 0.0]
Velocity: [1709298227.0376534,0.0, 0.0, 0.0]
Velocity: [1709298227.2253528,0.0, 0.0, 0.0]
Velocity: [1709298227.500589,0.0, 0.0, 0.0]
Velocity: [1709298227.6929717,0.0, 0.0, 0.0]
Velocity: [1709298227.8258042,0.0, 0.0, -2.0]
Velocity: [1709298227.8373373,0.0, 0.0, -2.0]
Velocity: [1709298227.8570013,0.0, 0.0, -2.0]
Velocity: [1709298227.886818,0.0, 0.0, -2.0]
Velocity: [1709298227.9183495,0.0, 0.0, -2.0]
Velocity: [1709298227.9522018,0.0, 0.0, -2.0]
Velocity: [1709298227.983462,0.0, 0.0, -2.0]
Velocity: [1709298228.0324109,0.0, 0.0, -2.0]
Velocity: [1709298228.057742,0.0, 0.0, -2.0]
Velocity: [1709298228.097755,0.0, 0.0, -2.0]
Velocity: [1709298228.1284218,0.0, 0.0, -2.0]
Velocity: [1709298228.1589756,0.0, 0.0, -2.0]
Velocity: [1709298228.1860523,0.0, 0.0, -2.0]
Velocity: [1709298228.2205057,0.0, 0.0, -2.0]
Velocity: [1709298228.2530835,0.0, 0.0, -2.0]
Velocity: [1709298228.2979016,0.0, 0.0, -2.0]
Velocity: [1709298228.3305638,0.0, 0.0, -2.0]
Velocity: [1709298228.3676999,0.0, 0.0, -2.0]
Velocity: [1709298228.3928797,0.0, 0.0, -2.0]
Velocity: [1709298228.4248867,0.0, 0.0, -2.0]
Velocity: [1709298228.45488,0.0, 0.0, -2.0]
Velocity: [1709298228.4956098,0.0, 0.0, -2.0]
Velocity: [1709298228.5241237,0.0, 0.0, -2.0]
Velocity: [1709298228.54829,0.0, 0.0, -2.0]
Velocity: [1709298228.5882812,0.0, 0.0, -2.0]
Velocity: [1709298228.6132343,0.0, 0.0, -2.0]
Velocity: [1709298228.646231,0.0, 0.0, -2.0]
Velocity: [1709298228.6759853,0.0, 0.0, -2.0]
Velocity: [1709298228.7108238,0.0, 0.0, -2.0]
Velocity: [1709298228.750016,0.0, 0.0, -2.0]
Velocity: [1709298228.7786942,0.0, 0.0, -2.0]
Velocity: [1709298228.8112373,0.0, 0.0, -2.0]
Velocity: [1709298228.8363752,0.0, 0.0, -2.0]
Velocity: [1709298228.8726466,0.0, 0.0, -2.0]
Velocity: [1709298228.9012585,0.0, 0.0, -2.0]
Velocity: [1709298228.929544,0.0, 0.0, -2.0]
Velocity: [1709298228.9593441,0.0, 0.0, -2.0]
Velocity: [1709298228.9976225,0.0, 0.0, -2.0]
Velocity: [1709298229.0299978,0.0, 0.0, -2.0]
Velocity: [1709298229.0607865,0.0, 0.0, -2.0]
Velocity: [1709298229.109235,0.0, 0.0, -2.0]
Velocity: [1709298229.1339598,0.0, 0.0, -2.0]
Velocity: [1709298229.1594143,0.0, 0.0, -2.0]
Velocity: [1709298229.1919584,0.0, 0.0, -2.0]
Velocity: [1709298229.2216575,0.0, 0.0, -2.0]
Velocity: [1709298229.2537756,0.0, 0.0, -2.0]
Velocity: [1709298229.4210234,0.0, 0.0, -2.0]
Velocity: [1709298229.4214385,0.0, 0.0, -2.0]
Velocity: [1709298229.421642,0.0, 0.0, -2.0]
Velocity: [1709298229.4218266,0.0, 0.0, -2.0]
Velocity: [1709298229.4496386,0.0, 0.0, -2.0]
Velocity: [1709298229.4702315,0.0, 0.0, -2.0]
Velocity: [1709298229.5006897,0.0, 0.0, -2.0]
Velocity: [1709298229.5329752,0.0, 0.0, -2.0]
Velocity: [1709298229.5583975,0.0, 0.0, -2.0]
Velocity: [1709298229.5990982,0.0, 0.0, -2.0]
Velocity: [1709298229.6247964,0.0, 0.0, -2.0]
Velocity: [1709298229.6596744,0.0, 0.0, -2.0]
Velocity: [1709298229.687214,0.0, 0.0, -2.0]
Velocity: [1709298229.7195194,0.0, 0.0, -2.0]
Velocity: [1709298229.7636638,0.0, 0.0, -2.0]
Velocity: [1709298229.803669,0.0, 0.0, -2.0]
Velocity: [1709298229.8262625,0.0, 0.0, -2.0]
Velocity: [1709298229.857578,0.0, 0.0, -2.0]
Velocity: [1709298229.8900025,0.0, 0.0, -2.0]
Velocity: [1709298229.9189825,0.0, 0.0, -2.0]
Velocity: [1709298229.958474,0.0, 0.0, -2.0]
Velocity: [1709298229.9829679,0.0, 0.0, -2.0]
Velocity: [1709298230.0123568,0.0, 0.0, -2.0]
Velocity: [1709298230.050011,0.0, 0.0, -2.0]
Velocity: [1709298230.0877204,0.0, 0.0, -2.0]
Velocity: [1709298230.1186166,0.0, 0.0, -2.0]
Velocity: [1709298230.1512282,0.0, 0.0, -2.0]
Velocity: [1709298230.1976404,0.0, 0.0, -2.0]
Velocity: [1709298230.2338164,0.0, 0.0, -2.0]
Velocity: [1709298230.2586606,0.0, 0.0, -2.0]
Velocity: [1709298230.287833,0.0, 0.0, -2.0]
Velocity: [1709298230.3336809,0.0, 0.0, -2.0]
Velocity: [1709298230.3826966,0.0, 0.0, -2.0]
Velocity: [1709298230.4136305,0.0, 0.0, -2.0]
Velocity: [1709298230.4472203,0.0, 0.0, -2.0]
Velocity: [1709298230.472931,0.0, 0.0, -2.0]
Velocity: [1709298230.5111847,0.0, 0.0, -2.0]
Velocity: [1709298230.5454144,0.0, 0.0, -2.0]
Velocity: [1709298230.5764263,0.0, 0.0, -2.0]
Velocity: [1709298230.616038,0.0, 0.0, -2.0]
Velocity: [1709298230.649306,0.0, 0.0, -2.0]
Velocity: [1709298230.6806798,0.0, 0.0, -2.0]
Velocity: [1709298230.7142928,0.0, 0.0, -2.0]
Velocity: [1709298230.7491324,0.0, 0.0, -2.0]
Velocity: [1709298230.7968013,0.0, 0.0, -2.0]
Velocity: [1709298230.8205118,0.0, 0.0, -2.0]
Velocity: [1709298230.8405442,0.0, 0.0, -2.0]
Velocity: [1709298230.871222,0.0, 0.0, -2.0]
Velocity: [1709298230.9004679,0.0, 0.0, -2.0]
Velocity: [1709298230.9314535,0.0, 0.0, -2.0]
Velocity: [1709298230.9649441,0.0, 0.0, -2.0]
Velocity: [1709298230.996752,0.0, 0.0, -2.0]
Velocity: [1709298231.0467343,0.0, 0.0, -2.0]
Velocity: [1709298231.0674207,0.0, 0.0, -2.0]
Velocity: [1709298231.1037395,0.0, 0.0, -2.0]
Velocity: [1709298231.1350372,0.0, 0.0, -2.0]
Velocity: [1709298231.1688502,0.0, 0.0, -2.0]
Velocity: [1709298231.1972196,0.0, 0.0, -2.0]
Velocity: [1709298231.2291782,0.0, 0.0, -2.0]
Velocity: [1709298231.2621164,0.0, 0.0, -2.0]
Velocity: [1709298231.303563,0.0, 0.0, -2.0]
Velocity: [1709298231.3298657,0.0, 0.0, -2.0]
Velocity: [1709298231.3678255,0.0, 0.0, -2.0]
Velocity: [1709298231.4042876,0.0, 0.0, -2.0]
Velocity: [1709298231.4283864,0.0, 0.0, -2.0]
Velocity: [1709298231.4585786,0.0, 0.0, -2.0]
Velocity: [1709298231.488317,0.0, 0.0, -2.0]
Velocity: [1709298231.5351226,0.0, 0.0, -2.0]
Velocity: [1709298231.5737815,0.0, 0.0, -2.0]
Velocity: [1709298231.58911,0.0, 0.0, -2.0]
Velocity: [1709298231.6263144,0.0, 0.0, -2.0]
Velocity: [1709298231.656693,0.0, 0.0, -2.0]
Velocity: [1709298231.6863127,0.0, 0.0, -2.0]
Velocity: [1709298231.718312,0.0, 0.0, -2.0]
Velocity: [1709298231.7554386,0.0, 0.0, -2.0]
Velocity: [1709298231.784083,0.0, 0.0, -2.0]
Velocity: [1709298231.8129158,0.0, 0.0, -2.0]
Velocity: [1709298231.8778975,0.0, 0.0, -2.0]
Velocity: [1709298231.907191,0.0, 0.0, -2.0]
Velocity: [1709298231.9466822,0.0, 0.0, -2.0]
Velocity: [1709298231.9683838,0.0, 0.0, -2.0]
Velocity: [1709298232.0161061,0.0, 0.0, -2.0]
Velocity: [1709298232.0344832,0.0, 0.0, -2.0]
Velocity: [1709298232.0700421,0.0, 0.0, -2.0]
Velocity: [1709298232.0999646,0.0, 0.0, -2.0]
Velocity: [1709298232.12813,0.0, 0.0, -2.0]
Velocity: [1709298232.1618066,0.0, 0.0, -2.0]
Velocity: [1709298232.1950805,0.0, 0.0, -2.0]
Velocity: [1709298232.22442,0.0, 0.0, -2.0]
Velocity: [1709298232.2750769,0.0, 0.0, -2.0]
Velocity: [1709298232.3040369,0.0, 0.0, -2.0]
Velocity: [1709298232.3317661,0.0, 0.0, -2.0]
Velocity: [1709298232.3618584,0.0, 0.0, -2.0]
Velocity: [1709298232.395043,0.0, 0.0, -2.0]
Velocity: [1709298232.4242482,0.0, 0.0, -2.0]
Velocity: [1709298232.4549193,0.0, 0.0, -2.0]
Velocity: [1709298232.5010521,0.0, 0.0, -2.0]
Velocity: [1709298232.5249367,0.0, 0.0, -2.0]
Velocity: [1709298232.5669925,0.0, 0.0, -2.0]
Velocity: [1709298232.5869775,0.0, 0.0, -2.0]
Velocity: [1709298232.623056,0.0, 0.0, -2.0]
Velocity: [1709298232.651927,0.0, 0.0, -2.0]
Velocity: [1709298232.6818933,0.0, 0.0, -2.0]
Velocity: [1709298232.7093322,0.0, 0.0, -2.0]
Velocity: [1709298232.7438698,0.0, 0.0, -2.0]
Velocity: [1709298232.877937,0.0, 0.0, -2.0]
Velocity: [1709298232.878305,0.0, 0.0, -2.0]
Velocity: [1709298232.878493,0.0, 0.0, -2.0]
Velocity: [1709298232.8786733,0.0, 0.0, -2.0]
Velocity: [1709298232.9212937,0.0, 0.0, -2.0]
Velocity: [1709298232.949632,0.0, 0.0, -2.0]
Velocity: [1709298232.9723146,0.0, 0.0, -2.0]
Velocity: [1709298233.004088,0.0, 0.0, -2.0]
Velocity: [1709298233.0435956,0.0, 0.0, -2.0]
Velocity: [1709298233.0745592,0.0, 0.0, -2.0]
Velocity: [1709298233.1022813,0.0, 0.0, -2.0]
Velocity: [1709298233.1368117,0.0, 0.0, -2.0]
Velocity: [1709298233.1699324,0.0, 0.0, -2.0]
Velocity: [1709298233.2054305,0.0, 0.0, -2.0]
Velocity: [1709298233.2339947,0.0, 0.0, -2.0]
Velocity: [1709298233.2687163,0.0, 0.0, -2.0]
Velocity: [1709298233.2980285,0.0, 0.0, -2.0]
Velocity: [1709298233.3306875,0.0, 0.0, -2.0]
Velocity: [1709298233.3602931,0.0, 0.0, -2.0]
Velocity: [1709298233.3912354,0.0, 0.0, -2.0]
Velocity: [1709298233.437473,0.0, 0.0, -2.0]
Velocity: [1709298233.4641411,0.0, 0.0, -2.0]
Velocity: [1709298233.4999473,0.0, 0.0, -2.0]
Velocity: [1709298233.523998,0.0, 0.0, -2.0]
Velocity: [1709298233.5672755,0.0, 0.0, -2.0]
Velocity: [1709298233.595255,0.0, 0.0, -2.0]
Velocity: [1709298233.6176336,0.0, 0.0, -2.0]
Velocity: [1709298233.6545944,0.0, 0.0, -2.0]
Velocity: [1709298233.6865125,0.0, 0.0, -2.0]
Velocity: [1709298233.7187967,0.0, 0.0, -2.0]
Velocity: [1709298233.7607563,0.0, 0.0, -2.0]
Velocity: [1709298233.7956913,0.0, 0.0, -2.0]
Velocity: [1709298233.817489,0.0, 0.0, -2.0]
Velocity: [1709298233.8578901,0.0, 0.0, -2.0]
Velocity: [1709298233.8916187,0.0, 0.0, -2.0]
Velocity: [1709298233.9130054,0.0, 0.0, -2.0]
Velocity: [1709298233.9471502,0.0, 0.0, -2.0]
Velocity: [1709298233.978995,0.0, 0.0, -2.0]
Velocity: [1709298234.008045,0.0, 0.0, -2.0]
Velocity: [1709298234.066415,0.0, 0.0, -2.0]
Velocity: [1709298234.0870066,0.0, 0.0, -2.0]
Velocity: [1709298234.1146371,0.0, 0.0, -2.0]
Velocity: [1709298234.1365955,0.0, 0.0, -2.0]
Velocity: [1709298234.1825123,0.0, 0.0, -2.0]
Velocity: [1709298234.206268,0.0, 0.0, -2.0]
Velocity: [1709298234.2392817,0.0, 0.0, -2.0]
Velocity: [1709298234.2718194,0.0, 0.0, -2.0]
Velocity: [1709298234.3100736,0.0, 0.0, -2.0]
Velocity: [1709298234.3372252,0.0, 0.0, -2.0]
Velocity: [1709298234.3808744,0.0, 0.0, -2.0]
Velocity: [1709298234.4200795,0.0, 0.0, -2.0]
Velocity: [1709298234.4504235,0.0, 0.0, -2.0]
Velocity: [1709298234.5072947,0.0, 0.0, -2.0]
Velocity: [1709298234.5341678,0.0, 0.0, -2.0]
Velocity: [1709298234.5731184,0.0, 0.0, -2.0]
Velocity: [1709298234.609477,0.0, 0.0, -2.0]
Velocity: [1709298234.635057,0.0, 0.0, -2.0]
Velocity: [1709298234.6731966,0.0, 0.0, -2.0]
Velocity: [1709298234.7052872,0.0, 0.0, -2.0]
Velocity: [1709298234.7353976,0.0, 0.0, -2.0]
Velocity: [1709298234.7623024,0.0, 0.0, -2.0]
Velocity: [1709298234.798135,0.0, 0.0, -2.0]
Velocity: [1709298234.8285933,0.0, 0.0, -2.0]
Velocity: [1709298234.8817832,0.0, 0.0, -2.0]
Velocity: [1709298234.9067888,0.0, 0.0, -2.0]
Velocity: [1709298234.9376361,0.0, 0.0, -2.0]
Velocity: [1709298234.9729962,0.0, 0.0, -2.0]
Velocity: [1709298235.007626,0.0, 0.0, -2.0]
Velocity: [1709298235.0469134,0.0, 0.0, -2.0]
Velocity: [1709298235.0661557,0.0, 0.0, -2.0]
Velocity: [1709298235.0943017,0.0, 0.0, -2.0]
Velocity: [1709298235.1264687,0.0, 0.0, -2.0]
Velocity: [1709298235.161272,0.0, 0.0, -2.0]
Velocity: [1709298235.1894214,0.0, 0.0, -2.0]
Velocity: [1709298235.2313814,0.0, 0.0, -2.0]
Velocity: [1709298235.2605596,0.0, 0.0, -2.0]
Velocity: [1709298235.2869923,0.0, 0.0, -2.0]
Velocity: [1709298235.3280654,0.0, 0.0, -2.0]
Velocity: [1709298235.3532314,0.0, 0.0, -2.0]
Velocity: [1709298235.3988144,0.0, 0.0, -2.0]
Velocity: [1709298235.4262981,0.0, 0.0, -2.0]
Velocity: [1709298235.4585252,0.0, 0.0, -2.0]
Velocity: [1709298235.5071237,0.0, 0.0, -2.0]
Velocity: [1709298235.5237155,0.0, 0.0, -2.0]
Velocity: [1709298235.559209,0.0, 0.0, -2.0]
Velocity: [1709298235.6013923,0.0, 0.0, -2.0]
Velocity: [1709298235.635998,0.0, 0.0, -2.0]
Velocity: [1709298235.6622314,0.0, 0.0, -2.0]
Velocity: [1709298235.69342,0.0, 0.0, -2.0]
Velocity: [1709298235.7254167,0.0, 0.0, -2.0]
Velocity: [1709298235.758396,0.0, 0.0, -2.0]
Velocity: [1709298235.8002906,0.0, 0.0, -2.0]
Velocity: [1709298235.8236718,0.0, 0.0, -2.0]
Velocity: [1709298235.8604288,0.0, 0.0, -2.0]
Velocity: [1709298235.888239,0.0, 0.0, -2.0]
Velocity: [1709298235.9209173,0.0, 0.0, -2.0]
Velocity: [1709298235.9520702,0.0, 0.0, -2.0]
Velocity: [1709298235.9844706,0.0, 0.0, -2.0]
Velocity: [1709298236.0244684,0.0, 0.0, -2.0]
Velocity: [1709298236.0459926,0.0, 0.0, -2.0]
Velocity: [1709298236.1205988,0.0, 0.0, -2.0]
Velocity: [1709298236.1354063,0.0, 0.0, -2.0]
Velocity: [1709298236.1700873,0.0, 0.0, -2.0]
Velocity: [1709298236.2046976,0.0, 0.0, -2.0]
Velocity: [1709298236.2348669,0.0, 0.0, -2.0]
Velocity: [1709298236.2781255,0.0, 0.0, -2.0]
Velocity: [1709298236.3016121,0.0, 0.0, -2.0]
Velocity: [1709298236.3400018,0.0, 0.0, -2.0]
Velocity: [1709298236.3704498,0.0, 0.0, -2.0]
Velocity: [1709298236.4052773,0.0, 0.0, -2.0]
Velocity: [1709298236.5795505,0.0, 0.0, -2.0]
Velocity: [1709298236.5799196,0.0, 0.0, -2.0]
Velocity: [1709298236.580099,0.0, 0.0, -2.0]
Velocity: [1709298236.5802755,0.0, 0.0, -2.0]
Velocity: [1709298236.5804498,0.0, 0.0, -2.0]
Velocity: [1709298236.6024692,0.0, 0.0, -2.0]
Velocity: [1709298236.6335337,0.0, 0.0, -2.0]
Velocity: [1709298236.6619513,0.0, 0.0, -2.0]
Velocity: [1709298236.6959903,0.0, 0.0, -2.0]
Velocity: [1709298236.7266958,0.0, 0.0, -2.0]
Velocity: [1709298236.7525268,0.0, 0.0, -2.0]
Velocity: [1709298236.7854383,0.0, 0.0, -2.0]
Velocity: [1709298236.8240578,0.0, 0.0, -2.0]
Velocity: [1709298236.8642025,0.0, 0.0, -2.0]
Velocity: [1709298236.8845236,0.0, 0.0, -2.0]
Velocity: [1709298236.9556942,0.0, 0.0, -2.0]
Velocity: [1709298236.975512,0.0, 0.0, 0.0]
Velocity: [1709298237.224812,0.0, 0.0, 0.0]
Velocity: [1709298237.478236,0.0, 0.0, 0.0]
Velocity: [1709298237.6920722,0.0, 0.0, 0.0]
Velocity: [1709298237.8976526,0.0, 0.0, 0.0]
Velocity: [1709298238.1085515,0.0, 0.0, 0.0]
Velocity: [1709298238.3092043,0.0, 0.0, 0.0]
Velocity: [1709298238.5232766,0.0, 0.0, 0.0]
Velocity: [1709298238.6663167,1.5, 0.0, 0.0]
Velocity: [1709298239.1632042,1.5, 0.0, 0.0]
Velocity: [1709298239.2053227,1.5, 0.0, 0.0]
Velocity: [1709298239.2374425,1.5, 0.0, 0.0]
Velocity: [1709298239.2738574,1.5, 0.0, 0.0]
Velocity: [1709298239.3122957,1.5, 0.0, 0.0]
Velocity: [1709298239.3293595,1.5, 0.0, 0.0]
Velocity: [1709298239.3691654,1.5, 0.0, 0.0]
Velocity: [1709298239.4024112,1.5, 0.0, 0.0]
Velocity: [1709298239.422351,1.5, 0.0, 0.0]
Velocity: [1709298239.4633236,1.5, 0.0, 0.0]
Velocity: [1709298239.4832275,1.5, 0.0, 0.0]
Velocity: [1709298239.5198247,1.5, 0.0, 0.0]
Velocity: [1709298239.5664952,1.5, 0.0, 0.0]
Velocity: [1709298239.5839472,1.5, 0.0, 0.0]
Velocity: [1709298239.7796338,1.5, 0.0, 0.0]
Velocity: [1709298239.7799952,1.5, 0.0, 0.0]
Velocity: [1709298239.7801726,1.5, 0.0, 0.0]
Velocity: [1709298239.780344,1.5, 0.0, 0.0]
Velocity: [1709298239.7805223,1.5, 0.0, 0.0]
Velocity: [1709298239.7955317,1.5, 0.0, 0.0]
Velocity: [1709298239.8217294,1.5, 0.0, 0.0]
Velocity: [1709298239.867025,1.5, 0.0, 0.0]
Velocity: [1709298239.893791,1.5, 0.0, 0.0]
Velocity: [1709298239.9185925,1.5, 0.0, 0.0]
Velocity: [1709298239.9495094,1.5, 0.0, 0.0]
Velocity: [1709298239.9783049,1.5, 0.0, 0.0]
Velocity: [1709298240.014403,1.5, 0.0, 0.0]
Velocity: [1709298240.0443864,1.5, 0.0, 0.0]
Velocity: [1709298240.080961,1.5, 0.0, 0.0]
Velocity: [1709298240.1121955,1.5, 0.0, 0.0]
Velocity: [1709298240.1355069,1.5, 0.0, 0.0]
Velocity: [1709298240.168863,1.5, 0.0, 0.0]
Velocity: [1709298240.1988032,1.5, 0.0, 0.0]
Velocity: [1709298240.229984,1.5, 0.0, 0.0]
Velocity: [1709298240.27031,1.5, 0.0, 0.0]
Velocity: [1709298240.2960396,1.5, 0.0, 0.0]
Velocity: [1709298240.3221626,1.5, 0.0, 0.0]
Velocity: [1709298240.3653715,1.5, 0.0, 0.0]
Velocity: [1709298240.3923435,1.5, 0.0, 0.0]
Velocity: [1709298240.4219997,1.5, 0.0, 0.0]
Velocity: [1709298240.4527278,1.5, 0.0, 0.0]
Velocity: [1709298240.4908617,1.5, 0.0, 0.0]
Velocity: [1709298240.5194242,1.5, 0.0, 0.0]
Velocity: [1709298240.5533526,1.5, 0.0, 0.0]
Velocity: [1709298240.584513,1.5, 0.0, 0.0]
Velocity: [1709298240.6104376,1.5, 0.0, 0.0]
Velocity: [1709298240.6409698,1.5, 0.0, 0.0]
Velocity: [1709298240.6794808,1.5, 0.0, 0.0]
Velocity: [1709298240.715188,1.5, 0.0, 0.0]
Velocity: [1709298240.745719,1.5, 0.0, 0.0]
Velocity: [1709298240.7671294,1.5, 0.0, 0.0]
Velocity: [1709298240.8060522,1.5, 0.0, 0.0]
Velocity: [1709298240.8374295,1.5, 0.0, 0.0]
Velocity: [1709298240.866008,1.5, 0.0, 0.0]
Velocity: [1709298240.9016106,1.5, 0.0, 0.0]
Velocity: [1709298240.9264014,1.5, 0.0, 0.0]
Velocity: [1709298240.9883611,1.5, 0.0, 0.0]
Velocity: [1709298241.0204847,1.5, 0.0, 0.0]
Velocity: [1709298241.0531082,1.5, 0.0, 0.0]
Velocity: [1709298241.0822263,1.5, 0.0, 0.0]
Velocity: [1709298241.1351268,1.5, 0.0, 0.0]
Velocity: [1709298241.1668844,1.5, 0.0, 0.0]
Velocity: [1709298241.1947947,1.5, 0.0, 0.0]
Velocity: [1709298241.2299936,1.5, 0.0, 0.0]
Velocity: [1709298241.2574642,1.5, 0.0, 0.0]
Velocity: [1709298241.2867382,1.5, 0.0, 0.0]
Velocity: [1709298241.3373988,1.5, 0.0, 0.0]
Velocity: [1709298241.363909,1.5, 0.0, 0.0]
Velocity: [1709298241.393459,1.5, 0.0, 0.0]
Velocity: [1709298241.4321485,1.5, 0.0, 0.0]
Velocity: [1709298241.4647994,1.5, 0.0, 0.0]
Velocity: [1709298241.4859743,1.5, 0.0, 0.0]
Velocity: [1709298241.5206673,1.5, 0.0, 0.0]
Velocity: [1709298241.5544314,1.5, 0.0, 0.0]
Velocity: [1709298241.5951614,1.5, 0.0, 0.0]
Velocity: [1709298241.6162312,1.5, 0.0, 0.0]
Velocity: [1709298241.6447186,1.5, 0.0, 0.0]
Velocity: [1709298241.6798956,1.5, 0.0, 0.0]
Velocity: [1709298241.7093015,1.5, 0.0, 0.0]
Velocity: [1709298241.7603152,1.5, 0.0, 0.0]
Velocity: [1709298241.7848272,1.5, 0.0, 0.0]
Velocity: [1709298241.8169158,1.5, 0.0, 0.0]
Velocity: [1709298241.8441844,1.5, 0.0, 0.0]
Velocity: [1709298241.906882,1.5, 0.0, 0.0]
Velocity: [1709298241.925943,1.5, 0.0, 0.0]
Velocity: [1709298241.9604053,1.5, 0.0, 0.0]
Velocity: [1709298241.9943922,1.5, 0.0, 0.0]
Velocity: [1709298242.0409956,1.5, 0.0, 0.0]
Velocity: [1709298242.0770283,1.5, 0.0, 0.0]
Velocity: [1709298242.0992503,1.5, 0.0, 0.0]
Velocity: [1709298242.1362398,1.5, 0.0, 0.0]
Velocity: [1709298242.1723325,1.5, 0.0, 0.0]
Velocity: [1709298242.203831,1.5, 0.0, 0.0]
Velocity: [1709298242.2281413,1.5, 0.0, 0.0]
Velocity: [1709298242.2600114,1.5, 0.0, 0.0]
Velocity: [1709298242.293753,1.5, 0.0, 0.0]
Velocity: [1709298242.3341327,1.5, 0.0, 0.0]
Velocity: [1709298242.3730133,1.5, 0.0, 0.0]
Velocity: [1709298242.4051526,1.5, 0.0, 0.0]
Velocity: [1709298242.4386456,1.5, 0.0, 0.0]
Velocity: [1709298242.469524,1.5, 0.0, 0.0]
Velocity: [1709298242.4997756,1.5, 0.0, 0.0]
Velocity: [1709298242.5379758,1.5, 0.0, 0.0]
Velocity: [1709298242.5792575,1.5, 0.0, 0.0]
Velocity: [1709298242.6030252,1.5, 0.0, 0.0]
Velocity: [1709298242.634602,1.5, 0.0, 0.0]
Velocity: [1709298242.6665328,1.5, 0.0, 0.0]
Velocity: [1709298242.6954064,1.5, 0.0, 0.0]
Velocity: [1709298242.7285225,1.5, 0.0, 0.0]
Velocity: [1709298242.761149,1.5, 0.0, 0.0]
Velocity: [1709298242.7964838,1.5, 0.0, 0.0]
Velocity: [1709298242.8579016,1.5, 0.0, 0.0]
Velocity: [1709298242.8932076,1.5, 0.0, 0.0]
Velocity: [1709298242.9221165,1.5, 0.0, 0.0]
Velocity: [1709298242.956724,1.5, 0.0, 0.0]
Velocity: [1709298242.992681,1.5, 0.0, 0.0]
Velocity: [1709298243.0256965,1.5, 0.0, 0.0]
Velocity: [1709298243.066489,1.5, 0.0, 0.0]
Velocity: [1709298243.109164,1.5, 0.0, 0.0]
Velocity: [1709298243.287839,1.5, 0.0, 0.0]
Velocity: [1709298243.2882288,1.5, 0.0, 0.0]
Velocity: [1709298243.2995672,1.5, 0.0, 0.0]
Velocity: [1709298243.2997618,1.5, 0.0, 0.0]
Velocity: [1709298243.2999527,1.5, 0.0, 0.0]
Velocity: [1709298243.300127,1.5, 0.0, 0.0]
Velocity: [1709298243.3215528,1.5, 0.0, 0.0]
Velocity: [1709298243.3581376,1.5, 0.0, 0.0]
Velocity: [1709298243.3997397,1.5, 0.0, 0.0]
Velocity: [1709298243.433385,1.5, 0.0, 0.0]
Velocity: [1709298243.4777472,1.5, 0.0, 0.0]
Velocity: [1709298243.5129814,1.5, 0.0, 0.0]
Velocity: [1709298243.5334778,1.5, 0.0, 0.0]
Velocity: [1709298243.5727036,1.5, 0.0, 0.0]
Velocity: [1709298243.5983264,1.5, 0.0, 0.0]
Velocity: [1709298243.629311,1.5, 0.0, 0.0]
Velocity: [1709298243.6630905,1.5, 0.0, 0.0]
Velocity: [1709298243.6966667,1.5, 0.0, 0.0]
Velocity: [1709298243.7311027,1.5, 0.0, 0.0]
Velocity: [1709298243.758708,1.5, 0.0, 0.0]
Velocity: [1709298243.7895164,1.5, 0.0, 0.0]
Velocity: [1709298243.8314161,1.5, 0.0, 0.0]
Velocity: [1709298243.855769,1.5, 0.0, 0.0]
Velocity: [1709298243.8872118,1.5, 0.0, 0.0]
Velocity: [1709298243.920905,1.5, 0.0, 0.0]
Velocity: [1709298243.9524477,1.5, 0.0, 0.0]
Velocity: [1709298243.9963074,1.5, 0.0, 0.0]
Velocity: [1709298244.0353754,1.5, 0.0, 0.0]
Velocity: [1709298244.0596728,1.5, 0.0, 0.0]
Velocity: [1709298244.0974195,1.5, 0.0, 0.0]
Velocity: [1709298244.1318524,1.5, 0.0, 0.0]
Velocity: [1709298244.1631522,1.5, 0.0, 0.0]
Velocity: [1709298244.1941707,1.5, 0.0, 0.0]
Velocity: [1709298244.2323606,1.5, 0.0, 0.0]
Velocity: [1709298244.264317,1.5, 0.0, 0.0]
Velocity: [1709298244.2889225,1.5, 0.0, 0.0]
Velocity: [1709298244.3313615,1.5, 0.0, 0.0]
Velocity: [1709298244.3654776,1.5, 0.0, 0.0]
Velocity: [1709298244.3952122,1.5, 0.0, 0.0]
Velocity: [1709298244.416645,1.5, 0.0, 0.0]
Velocity: [1709298244.4484005,1.5, 0.0, 0.0]
Velocity: [1709298244.4896126,1.5, 0.0, 0.0]
Velocity: [1709298244.515404,1.5, 0.0, 0.0]
Velocity: [1709298244.557199,1.5, 0.0, 0.0]
Velocity: [1709298244.5828607,1.5, 0.0, 0.0]
Velocity: [1709298244.618166,1.5, 0.0, 0.0]
Velocity: [1709298244.6520104,1.5, 0.0, 0.0]
Velocity: [1709298244.6804893,1.5, 0.0, 0.0]
Velocity: [1709298244.7101002,1.5, 0.0, 0.0]
Velocity: [1709298244.739522,1.5, 0.0, 0.0]
Velocity: [1709298244.770961,1.5, 0.0, 0.0]
Velocity: [1709298244.8181653,1.5, 0.0, 0.0]
Velocity: [1709298244.8532002,1.5, 0.0, 0.0]
Velocity: [1709298244.8870866,1.5, 0.0, 0.0]
Velocity: [1709298244.9175098,1.5, 0.0, 0.0]
Velocity: [1709298244.9596548,1.5, 0.0, 0.0]
Velocity: [1709298244.9812782,1.5, 0.0, 0.0]
Velocity: [1709298245.009408,1.5, 0.0, 0.0]
Velocity: [1709298245.0548296,1.5, 0.0, 0.0]
Velocity: [1709298245.0780113,1.5, 0.0, 0.0]
Velocity: [1709298245.1189077,1.5, 0.0, 0.0]
Velocity: [1709298245.1502495,1.5, 0.0, 0.0]
Velocity: [1709298245.1625214,0.0, 0.0, 0.0]
Velocity: [1709298245.394063,0.0, 0.0, 0.0]
Velocity: [1709298245.6011076,0.0, 0.0, 0.0]
Velocity: [1709298245.798518,0.0, 0.0, 0.0]
Velocity: [1709298246.040232,0.0, 0.0, 0.0]
Velocity: [1709298246.2311409,0.0, 0.0, 0.0]
Velocity: [1709298246.4695308,0.0, 0.0, 0.0]
Velocity: [1709298246.6902273,0.0, 0.0, 0.0]
Velocity: [1709298246.885991,0.0, 0.0, 0.0]
Velocity: [1709298247.103188,0.0, 0.0, 0.0]
Velocity: [1709298247.293987,0.0, 0.0, 0.0]
Velocity: [1709298247.4991565,0.0, 0.0, 0.0]
Velocity: [1709298247.7074537,0.0, 0.0, 0.0]
Velocity: [1709298247.909219,0.0, 0.0, 0.0]
Velocity: [1709298248.0977108,0.0, 0.0, 0.0]
Velocity: [1709298248.42803,0.0, 0.0, 0.0]
Velocity: [1709298248.6080437,0.0, 0.0, 0.0]
Velocity: [1709298248.835471,0.0, 0.0, 0.0]
Velocity: [1709298249.0412567,0.0, 0.0, 0.0]
Velocity: [1709298249.2548091,0.0, 0.0, 0.0]
Velocity: [1709298249.4394116,0.0, 0.0, 0.0]
Velocity: [1709298249.539822,0.0, 0.0, 2.0]
Velocity: [1709298249.5401735,0.0, 0.0, 2.0]
Velocity: [1709298249.5596542,0.0, 0.0, 2.0]
Velocity: [1709298249.5966482,0.0, 0.0, 2.0]
Velocity: [1709298249.6375723,0.0, 0.0, 2.0]
Velocity: [1709298249.654897,0.0, 0.0, 2.0]
Velocity: [1709298249.691037,0.0, 0.0, 2.0]
Velocity: [1709298249.7441995,0.0, 0.0, 2.0]
Velocity: [1709298249.7814631,0.0, 0.0, 2.0]
Velocity: [1709298249.8109708,0.0, 0.0, 2.0]
Velocity: [1709298250.000747,0.0, 0.0, 2.0]
Velocity: [1709298250.001207,0.0, 0.0, 2.0]
Velocity: [1709298250.0014977,0.0, 0.0, 2.0]
Velocity: [1709298250.0016792,0.0, 0.0, 2.0]
Velocity: [1709298250.0018544,0.0, 0.0, 2.0]
Velocity: [1709298250.0205357,0.0, 0.0, 2.0]
Velocity: [1709298250.057254,0.0, 0.0, 2.0]
Velocity: [1709298250.0841093,0.0, 0.0, 2.0]
Velocity: [1709298250.1266258,0.0, 0.0, 2.0]
Velocity: [1709298250.1585145,0.0, 0.0, 2.0]
Velocity: [1709298250.1856387,0.0, 0.0, 2.0]
Velocity: [1709298250.2194839,0.0, 0.0, 2.0]
Velocity: [1709298250.2532144,0.0, 0.0, 2.0]
Velocity: [1709298250.287287,0.0, 0.0, 2.0]
Velocity: [1709298250.314912,0.0, 0.0, 2.0]
Velocity: [1709298250.3777688,0.0, 0.0, 2.0]
Velocity: [1709298250.4139943,0.0, 0.0, 2.0]
Velocity: [1709298250.433335,0.0, 0.0, 2.0]
Velocity: [1709298250.4672198,0.0, 0.0, 2.0]
Velocity: [1709298250.5099418,0.0, 0.0, 2.0]
Velocity: [1709298250.5417295,0.0, 0.0, 2.0]
Velocity: [1709298250.5798144,0.0, 0.0, 2.0]
Velocity: [1709298250.6184359,0.0, 0.0, 2.0]
Velocity: [1709298250.657091,0.0, 0.0, 2.0]
Velocity: [1709298250.686425,0.0, 0.0, 2.0]
Velocity: [1709298250.721261,0.0, 0.0, 2.0]
Velocity: [1709298250.7515757,0.0, 0.0, 2.0]
Velocity: [1709298250.7862751,0.0, 0.0, 2.0]
Velocity: [1709298250.8217392,0.0, 0.0, 2.0]
Velocity: [1709298250.8540635,0.0, 0.0, 2.0]
Velocity: [1709298250.8753316,0.0, 0.0, 2.0]
Velocity: [1709298250.9168925,0.0, 0.0, 2.0]
Velocity: [1709298250.9403818,0.0, 0.0, 2.0]
Velocity: [1709298250.981843,0.0, 0.0, 2.0]
Velocity: [1709298251.018084,0.0, 0.0, 2.0]
Velocity: [1709298251.0500705,0.0, 0.0, 2.0]
Velocity: [1709298251.093983,0.0, 0.0, 2.0]
Velocity: [1709298251.116794,0.0, 0.0, 2.0]
Velocity: [1709298251.154381,0.0, 0.0, 2.0]
Velocity: [1709298251.184802,0.0, 0.0, 2.0]
Velocity: [1709298251.222046,0.0, 0.0, 2.0]
Velocity: [1709298251.2658088,0.0, 0.0, 2.0]
Velocity: [1709298251.2865543,0.0, 0.0, 2.0]
Velocity: [1709298251.3224328,0.0, 0.0, 2.0]
Velocity: [1709298251.3525202,0.0, 0.0, 2.0]
Velocity: [1709298251.390959,0.0, 0.0, 2.0]
Velocity: [1709298251.4208229,0.0, 0.0, 2.0]
Velocity: [1709298251.4545684,0.0, 0.0, 2.0]
Velocity: [1709298251.4859586,0.0, 0.0, 2.0]
Velocity: [1709298251.5144598,0.0, 0.0, 2.0]
Velocity: [1709298251.5605867,0.0, 0.0, 2.0]
Velocity: [1709298251.5919888,0.0, 0.0, 2.0]
Velocity: [1709298251.612706,0.0, 0.0, 2.0]
Velocity: [1709298251.6473737,0.0, 0.0, 2.0]
Velocity: [1709298251.6933298,0.0, 0.0, 2.0]
Velocity: [1709298251.7221382,0.0, 0.0, 2.0]
Velocity: [1709298251.7558088,0.0, 0.0, 2.0]
Velocity: [1709298251.7878976,0.0, 0.0, 2.0]
Velocity: [1709298251.8229258,0.0, 0.0, 2.0]
Velocity: [1709298251.8495023,0.0, 0.0, 2.0]
Velocity: [1709298251.909433,0.0, 0.0, 2.0]
Velocity: [1709298251.9549017,0.0, 0.0, 2.0]
Velocity: [1709298251.9812994,0.0, 0.0, 2.0]
Velocity: [1709298252.0172045,0.0, 0.0, 2.0]
Velocity: [1709298252.0432878,0.0, 0.0, 2.0]
Velocity: [1709298252.0753193,0.0, 0.0, 2.0]
Velocity: [1709298252.1219954,0.0, 0.0, 2.0]
Velocity: [1709298252.154442,0.0, 0.0, 2.0]
Velocity: [1709298252.1838567,0.0, 0.0, 2.0]
Velocity: [1709298252.2167635,0.0, 0.0, 2.0]
Velocity: [1709298252.2482402,0.0, 0.0, 2.0]
Velocity: [1709298252.2821386,0.0, 0.0, 2.0]
Velocity: [1709298252.3307793,0.0, 0.0, 2.0]
Velocity: [1709298252.3472557,0.0, 0.0, 2.0]
Velocity: [1709298252.38219,0.0, 0.0, 2.0]
Velocity: [1709298252.4306324,0.0, 0.0, 2.0]
Velocity: [1709298252.4439209,0.0, 0.0, 2.0]
Velocity: [1709298252.4708745,0.0, 0.0, 2.0]
Velocity: [1709298252.514755,0.0, 0.0, 2.0]
Velocity: [1709298252.5462403,0.0, 0.0, 2.0]
Velocity: [1709298252.5756788,0.0, 0.0, 2.0]
Velocity: [1709298252.6183703,0.0, 0.0, 2.0]
Velocity: [1709298252.6331465,0.0, 0.0, 2.0]
Velocity: [1709298252.6732342,0.0, 0.0, 2.0]
Velocity: [1709298252.7137835,0.0, 0.0, 2.0]
Velocity: [1709298252.7496548,0.0, 0.0, 2.0]
Velocity: [1709298252.7773523,0.0, 0.0, 2.0]
Velocity: [1709298252.8067853,0.0, 0.0, 2.0]
Velocity: [1709298252.847582,0.0, 0.0, 2.0]
Velocity: [1709298252.8831604,0.0, 0.0, 2.0]
Velocity: [1709298252.9131205,0.0, 0.0, 2.0]
Velocity: [1709298252.9515638,0.0, 0.0, 2.0]
Velocity: [1709298252.9982731,0.0, 0.0, 2.0]
Velocity: [1709298253.0237463,0.0, 0.0, 2.0]
Velocity: [1709298253.0507748,0.0, 0.0, 2.0]
Velocity: [1709298253.0842624,0.0, 0.0, 2.0]
Velocity: [1709298253.120112,0.0, 0.0, 2.0]
Velocity: [1709298253.1552012,0.0, 0.0, 2.0]
Velocity: [1709298253.1829982,0.0, 0.0, 2.0]
Velocity: [1709298253.2161853,0.0, 0.0, 2.0]
Velocity: [1709298253.2474585,0.0, 0.0, 2.0]
Velocity: [1709298253.2808235,0.0, 0.0, 2.0]
Velocity: [1709298253.3171222,0.0, 0.0, 2.0]
Velocity: [1709298253.344649,0.0, 0.0, 2.0]
Velocity: [1709298253.3727543,0.0, 0.0, 2.0]
Velocity: [1709298253.4087334,0.0, 0.0, 2.0]
Velocity: [1709298253.4434438,0.0, 0.0, 2.0]
Velocity: [1709298253.486276,0.0, 0.0, 2.0]
Velocity: [1709298253.5200782,0.0, 0.0, 2.0]
Velocity: [1709298253.5570807,0.0, 0.0, 2.0]
Velocity: [1709298253.5829546,0.0, 0.0, 2.0]
Velocity: [1709298253.6180685,0.0, 0.0, 2.0]
Velocity: [1709298253.6523592,0.0, 0.0, 2.0]
Velocity: [1709298253.679976,0.0, 0.0, 2.0]
Velocity: [1709298253.824083,0.0, 0.0, 2.0]
Velocity: [1709298253.8244407,0.0, 0.0, 2.0]
Velocity: [1709298253.8246248,0.0, 0.0, 2.0]
Velocity: [1709298253.8247993,0.0, 0.0, 2.0]
Velocity: [1709298253.8560717,0.0, 0.0, 2.0]
Velocity: [1709298253.8972495,0.0, 0.0, 2.0]
Velocity: [1709298253.921461,0.0, 0.0, 2.0]
Velocity: [1709298253.9675064,0.0, 0.0, 2.0]
Velocity: [1709298253.9852343,0.0, 0.0, 2.0]
Velocity: [1709298254.0147667,0.0, 0.0, 2.0]
Velocity: [1709298254.0622373,0.0, 0.0, 2.0]
Velocity: [1709298254.0875537,0.0, 0.0, 2.0]
Velocity: [1709298254.120241,0.0, 0.0, 2.0]
Velocity: [1709298254.1486604,0.0, 0.0, 2.0]
Velocity: [1709298254.1718462,0.0, 0.0, 2.0]
Velocity: [1709298254.2051694,0.0, 0.0, 2.0]
Velocity: [1709298254.241969,0.0, 0.0, 2.0]
Velocity: [1709298254.26905,0.0, 0.0, 2.0]
Velocity: [1709298254.2984538,0.0, 0.0, 2.0]
Velocity: [1709298254.3328273,0.0, 0.0, 2.0]
Velocity: [1709298254.3689241,0.0, 0.0, 2.0]
Velocity: [1709298254.407569,0.0, 0.0, 2.0]
Velocity: [1709298254.4246333,0.0, 0.0, 2.0]
Velocity: [1709298254.4637942,0.0, 0.0, 2.0]
Velocity: [1709298254.4956446,0.0, 0.0, 2.0]
Velocity: [1709298254.5399802,0.0, 0.0, 2.0]
Velocity: [1709298254.5665743,0.0, 0.0, 2.0]
Velocity: [1709298254.5990295,0.0, 0.0, 2.0]
Velocity: [1709298254.6310093,0.0, 0.0, 2.0]
Velocity: [1709298254.670363,0.0, 0.0, 2.0]
Velocity: [1709298254.6986418,0.0, 0.0, 2.0]
Velocity: [1709298254.73363,0.0, 0.0, 2.0]
Velocity: [1709298254.771107,0.0, 0.0, 2.0]
Velocity: [1709298254.803347,0.0, 0.0, 2.0]
Velocity: [1709298254.8387058,0.0, 0.0, 2.0]
Velocity: [1709298254.8733168,0.0, 0.0, 2.0]
Velocity: [1709298254.9148815,0.0, 0.0, 2.0]
Velocity: [1709298254.9349546,0.0, 0.0, 2.0]
Velocity: [1709298254.9648206,0.0, 0.0, 2.0]
Velocity: [1709298255.017783,0.0, 0.0, 2.0]
Velocity: [1709298255.0366943,0.0, 0.0, 2.0]
Velocity: [1709298255.069617,0.0, 0.0, 2.0]
Velocity: [1709298255.1078408,0.0, 0.0, 2.0]
Velocity: [1709298255.1400363,0.0, 0.0, 2.0]
Velocity: [1709298255.1874373,0.0, 0.0, 2.0]
Velocity: [1709298255.2295322,0.0, 0.0, 2.0]
Velocity: [1709298255.255418,0.0, 0.0, 2.0]
Velocity: [1709298255.3043141,0.0, 0.0, 2.0]
Velocity: [1709298255.3261702,0.0, 0.0, 2.0]
Velocity: [1709298255.359434,0.0, 0.0, 2.0]
Velocity: [1709298255.4047241,0.0, 0.0, 2.0]
Velocity: [1709298255.4303489,0.0, 0.0, 2.0]
Velocity: [1709298255.4537718,0.0, 0.0, 2.0]
Velocity: [1709298255.4912448,0.0, 0.0, 2.0]
Velocity: [1709298255.5166564,0.0, 0.0, 2.0]
Velocity: [1709298255.5626884,0.0, 0.0, 2.0]
Velocity: [1709298255.578193,0.0, 0.0, 2.0]
Velocity: [1709298255.6094763,0.0, 0.0, 2.0]
Velocity: [1709298255.6556618,0.0, 0.0, 2.0]
Velocity: [1709298255.6821678,0.0, 0.0, 2.0]
Velocity: [1709298255.7100523,0.0, 0.0, 2.0]
Velocity: [1709298255.7436984,0.0, 0.0, 2.0]
Velocity: [1709298255.7748349,0.0, 0.0, 2.0]
Velocity: [1709298255.8066354,0.0, 0.0, 2.0]
Velocity: [1709298255.8643255,0.0, 0.0, 2.0]
Velocity: [1709298255.877309,0.0, 0.0, 2.0]
Velocity: [1709298255.9108734,0.0, 0.0, 2.0]
Velocity: [1709298255.9409828,0.0, 0.0, 2.0]
Velocity: [1709298255.9808495,0.0, 0.0, 2.0]
Velocity: [1709298256.008143,0.0, 0.0, 2.0]
Velocity: [1709298256.042599,0.0, 0.0, 2.0]
Velocity: [1709298256.0758934,0.0, 0.0, 2.0]
Velocity: [1709298256.1072545,0.0, 0.0, 2.0]
Velocity: [1709298256.137796,0.0, 0.0, 2.0]
Velocity: [1709298256.1756322,0.0, 0.0, 2.0]
Velocity: [1709298256.211348,0.0, 0.0, 2.0]
Velocity: [1709298256.2415435,0.0, 0.0, 2.0]
Velocity: [1709298256.2761168,0.0, 0.0, 2.0]
Velocity: [1709298256.2980115,0.0, 0.0, 2.0]
Velocity: [1709298256.328026,0.0, 0.0, 2.0]
Velocity: [1709298256.3664477,0.0, 0.0, 2.0]
Velocity: [1709298256.4065893,0.0, 0.0, 2.0]
Velocity: [1709298256.4544942,0.0, 0.0, 2.0]
Velocity: [1709298256.4782293,0.0, 0.0, 2.0]
Velocity: [1709298256.5079803,0.0, 0.0, 2.0]
Velocity: [1709298256.5381074,0.0, 0.0, 2.0]
Velocity: [1709298256.5673661,0.0, 0.0, 2.0]
Velocity: [1709298256.6097536,0.0, 0.0, 2.0]
Velocity: [1709298256.631516,0.0, 0.0, 2.0]
Velocity: [1709298256.6658401,0.0, 0.0, 2.0]
Velocity: [1709298256.6980717,0.0, 0.0, 2.0]
Velocity: [1709298256.728161,0.0, 0.0, 2.0]
Velocity: [1709298256.7597256,0.0, 0.0, 2.0]
Velocity: [1709298256.796123,0.0, 0.0, 2.0]
Velocity: [1709298256.825779,0.0, 0.0, 2.0]
Velocity: [1709298256.856413,0.0, 0.0, 2.0]
Velocity: [1709298256.8988934,0.0, 0.0, 2.0]
Velocity: [1709298256.926987,0.0, 0.0, 2.0]
Velocity: [1709298256.9614127,0.0, 0.0, 2.0]
Velocity: [1709298256.9960403,0.0, 0.0, 2.0]
Velocity: [1709298257.0250478,0.0, 0.0, 2.0]
Velocity: [1709298257.049053,0.0, 0.0, 2.0]
Velocity: [1709298257.0995424,0.0, 0.0, 2.0]
Velocity: [1709298257.1180766,0.0, 0.0, 2.0]
Velocity: [1709298257.146933,0.0, 0.0, 2.0]
Velocity: [1709298257.1799023,0.0, 0.0, 2.0]
Velocity: [1709298257.2128706,0.0, 0.0, 2.0]
Velocity: [1709298257.2543223,0.0, 0.0, 2.0]
Velocity: [1709298257.2897303,0.0, 0.0, 2.0]
Velocity: [1709298257.319068,0.0, 0.0, 2.0]
Velocity: [1709298257.350194,0.0, 0.0, 2.0]
Velocity: [1709298257.5099208,0.0, 0.0, 2.0]
Velocity: [1709298257.5103295,0.0, 0.0, 2.0]
Velocity: [1709298257.5105326,0.0, 0.0, 2.0]
Velocity: [1709298257.5107124,0.0, 0.0, 2.0]
Velocity: [1709298257.5450096,0.0, 0.0, 2.0]
Velocity: [1709298257.5667892,0.0, 0.0, 2.0]
Velocity: [1709298257.5987325,0.0, 0.0, 2.0]
Velocity: [1709298257.635022,0.0, 0.0, 2.0]
Velocity: [1709298257.6674278,0.0, 0.0, 2.0]
Velocity: [1709298257.6970117,0.0, 0.0, 2.0]
Velocity: [1709298257.7378032,0.0, 0.0, 2.0]
Velocity: [1709298257.767049,0.0, 0.0, 2.0]
Velocity: [1709298257.7994397,0.0, 0.0, 2.0]
Velocity: [1709298257.8253098,0.0, 0.0, 2.0]
Velocity: [1709298257.8562775,0.0, 0.0, 2.0]
Velocity: [1709298257.8901823,0.0, 0.0, 2.0]
Velocity: [1709298257.924382,0.0, 0.0, 2.0]
Velocity: [1709298257.9536128,0.0, 0.0, 2.0]
Velocity: [1709298257.988433,0.0, 0.0, 2.0]
Velocity: [1709298258.0413418,0.0, 0.0, 2.0]
Velocity: [1709298258.0829773,0.0, 0.0, 2.0]
Velocity: [1709298258.105126,0.0, 0.0, 2.0]
Velocity: [1709298258.150438,0.0, 0.0, 2.0]
Velocity: [1709298258.1796088,0.0, 0.0, 2.0]
Velocity: [1709298258.2182252,0.0, 0.0, 2.0]
Velocity: [1709298258.2462318,0.0, 0.0, 2.0]
Velocity: [1709298258.2800143,0.0, 0.0, 2.0]
Velocity: [1709298258.3136003,0.0, 0.0, 2.0]
Velocity: [1709298258.3570325,0.0, 0.0, 2.0]
Velocity: [1709298258.3860981,0.0, 0.0, 2.0]
Velocity: [1709298258.4161973,0.0, 0.0, 2.0]
Velocity: [1709298258.4449477,0.0, 0.0, 2.0]
Velocity: [1709298258.474926,0.0, 0.0, 2.0]
Velocity: [1709298258.5267887,0.0, 0.0, 2.0]
Velocity: [1709298258.5674164,0.0, 0.0, 2.0]
Velocity: [1709298258.5987592,0.0, 0.0, 2.0]
Velocity: [1709298258.638266,0.0, 0.0, 2.0]
Velocity: [1709298258.6670673,0.0, 0.0, 2.0]
Velocity: [1709298258.6923835,0.0, 0.0, 2.0]
Velocity: [1709298258.7249477,0.0, 0.0, 2.0]
Velocity: [1709298258.7659118,0.0, 0.0, 2.0]
Velocity: [1709298258.8055253,0.0, 0.0, 2.0]
Velocity: [1709298258.836024,0.0, 0.0, 2.0]
Velocity: [1709298258.871157,0.0, 0.0, 2.0]
Velocity: [1709298258.8994787,0.0, 0.0, 2.0]
Velocity: [1709298258.9327202,0.0, 0.0, 2.0]
Velocity: [1709298258.9689639,0.0, 0.0, 2.0]
Velocity: [1709298258.9949706,0.0, 0.0, 2.0]
Velocity: [1709298259.0391262,0.0, 0.0, 2.0]
Velocity: [1709298259.0686986,0.0, 0.0, 2.0]
Velocity: [1709298259.098,0.0, 0.0, 2.0]
Velocity: [1709298259.1341393,0.0, 0.0, 2.0]
Velocity: [1709298259.1653802,0.0, 0.0, 2.0]
Velocity: [1709298259.2003744,0.0, 0.0, 2.0]
Velocity: [1709298259.2457423,0.0, 0.0, 2.0]
Velocity: [1709298259.274603,0.0, 0.0, 2.0]
Velocity: [1709298259.306527,0.0, 0.0, 2.0]
Velocity: [1709298259.3577409,0.0, 0.0, 2.0]
Velocity: [1709298259.3892484,0.0, 0.0, 2.0]
Velocity: [1709298259.4145296,0.0, 0.0, 2.0]
Velocity: [1709298259.449011,0.0, 0.0, 2.0]
Velocity: [1709298259.474187,0.0, 0.0, 2.0]
Velocity: [1709298259.5082743,0.0, 0.0, 2.0]
Velocity: [1709298259.5537653,0.0, 0.0, 2.0]
Velocity: [1709298259.5736945,0.0, 0.0, 2.0]
Velocity: [1709298259.6065917,0.0, 0.0, 2.0]
Velocity: [1709298259.6377075,0.0, 0.0, 2.0]
Velocity: [1709298259.6763213,0.0, 0.0, 2.0]
Velocity: [1709298259.707018,0.0, 0.0, 2.0]
Velocity: [1709298259.731407,0.0, 0.0, 2.0]
Velocity: [1709298259.7732925,0.0, 0.0, 2.0]
Velocity: [1709298259.8023472,0.0, 0.0, 2.0]
Velocity: [1709298259.8238707,0.0, 0.0, 2.0]
Velocity: [1709298259.855408,0.0, 0.0, 2.0]
Velocity: [1709298259.8976915,0.0, 0.0, 2.0]
Velocity: [1709298259.9511762,0.0, 0.0, 2.0]
Velocity: [1709298259.9837904,0.0, 0.0, 2.0]
Velocity: [1709298260.017836,0.0, 0.0, 2.0]
Velocity: [1709298260.0273685,0.0, 0.0, 0.0]
Velocity: [1709298260.2843206,0.0, 0.0, 0.0]
Velocity: [1709298260.478716,0.0, 0.0, 0.0]
Velocity: [1709298260.63415,0.0, 0.0, 0.0]
Velocity: [1709298260.8999915,0.0, 0.0, 0.0]
Velocity: [1709298261.0537293,0.0, 0.0, 0.0]
Velocity: [1709298261.2912579,0.0, 0.0, 0.0]
Velocity: [1709298261.5101404,0.0, 0.0, 0.0]
Velocity: [1709298261.614542,-1.5, 0.0, 0.0]
Velocity: [1709298262.1139483,-1.5, 0.0, 0.0]
Velocity: [1709298262.1493976,-1.5, 0.0, 0.0]
Velocity: [1709298262.185672,-1.5, 0.0, 0.0]
Velocity: [1709298262.2122488,-1.5, 0.0, 0.0]
Velocity: [1709298262.24884,-1.5, 0.0, 0.0]
Velocity: [1709298262.2784047,-1.5, 0.0, 0.0]
Velocity: [1709298262.3142037,-1.5, 0.0, 0.0]
Velocity: [1709298262.3361049,-1.5, 0.0, 0.0]
Velocity: [1709298262.3680813,-1.5, 0.0, 0.0]
Velocity: [1709298262.3984175,-1.5, 0.0, 0.0]
Velocity: [1709298262.436096,-1.5, 0.0, 0.0]
Velocity: [1709298262.479881,-1.5, 0.0, 0.0]
Velocity: [1709298262.512271,-1.5, 0.0, 0.0]
Velocity: [1709298262.5391862,-1.5, 0.0, 0.0]
Velocity: [1709298262.5714722,-1.5, 0.0, 0.0]
Velocity: [1709298262.602863,-1.5, 0.0, 0.0]
Velocity: [1709298262.6345556,-1.5, 0.0, 0.0]
Velocity: [1709298262.678345,-1.5, 0.0, 0.0]
Velocity: [1709298262.7003293,-1.5, 0.0, 0.0]
Velocity: [1709298262.7445304,-1.5, 0.0, 0.0]
Velocity: [1709298262.763648,-1.5, 0.0, 0.0]
Velocity: [1709298262.8014164,-1.5, 0.0, 0.0]
Velocity: [1709298262.8353488,-1.5, 0.0, 0.0]
Velocity: [1709298262.861966,-1.5, 0.0, 0.0]
Velocity: [1709298262.8904834,-1.5, 0.0, 0.0]
Velocity: [1709298262.929186,-1.5, 0.0, 0.0]
Velocity: [1709298262.950505,-1.5, 0.0, 0.0]
Velocity: [1709298263.0119016,-1.5, 0.0, 0.0]
Velocity: [1709298263.0465562,-1.5, 0.0, 0.0]
Velocity: [1709298263.088893,-1.5, 0.0, 0.0]
Velocity: [1709298263.1153064,-1.5, 0.0, 0.0]
Velocity: [1709298263.1479585,-1.5, 0.0, 0.0]
Velocity: [1709298263.1861298,-1.5, 0.0, 0.0]
Velocity: [1709298263.2156584,-1.5, 0.0, 0.0]
Velocity: [1709298263.2477202,-1.5, 0.0, 0.0]
Velocity: [1709298263.2858083,-1.5, 0.0, 0.0]
Velocity: [1709298263.315874,-1.5, 0.0, 0.0]
Velocity: [1709298263.3537385,-1.5, 0.0, 0.0]
Velocity: [1709298263.374252,-1.5, 0.0, 0.0]
Velocity: [1709298263.411842,-1.5, 0.0, 0.0]
Velocity: [1709298263.4415085,-1.5, 0.0, 0.0]
Velocity: [1709298263.4714196,-1.5, 0.0, 0.0]
Velocity: [1709298263.500708,-1.5, 0.0, 0.0]
Velocity: [1709298263.5363598,-1.5, 0.0, 0.0]
Velocity: [1709298263.564307,-1.5, 0.0, 0.0]
Velocity: [1709298263.598252,-1.5, 0.0, 0.0]
Velocity: [1709298263.6364076,-1.5, 0.0, 0.0]
Velocity: [1709298263.6661403,-1.5, 0.0, 0.0]
Velocity: [1709298263.6974065,-1.5, 0.0, 0.0]
Velocity: [1709298263.735751,-1.5, 0.0, 0.0]
Velocity: [1709298263.766539,-1.5, 0.0, 0.0]
Velocity: [1709298263.7983909,-1.5, 0.0, 0.0]
Velocity: [1709298263.8277311,-1.5, 0.0, 0.0]
Velocity: [1709298263.863425,-1.5, 0.0, 0.0]
Velocity: [1709298263.9897661,-1.5, 0.0, 0.0]
Velocity: [1709298263.9901304,-1.5, 0.0, 0.0]
Velocity: [1709298263.9903154,-1.5, 0.0, 0.0]
Velocity: [1709298264.0100918,-1.5, 0.0, 0.0]
Velocity: [1709298264.0384612,-1.5, 0.0, 0.0]
Velocity: [1709298264.0687535,-1.5, 0.0, 0.0]
Velocity: [1709298264.1079705,-1.5, 0.0, 0.0]
Velocity: [1709298264.1400204,-1.5, 0.0, 0.0]
Velocity: [1709298264.1600254,-1.5, 0.0, 0.0]
Velocity: [1709298264.1890745,-1.5, 0.0, 0.0]
Velocity: [1709298264.2201397,-1.5, 0.0, 0.0]
Velocity: [1709298264.2564871,-1.5, 0.0, 0.0]
Velocity: [1709298264.295133,-1.5, 0.0, 0.0]
Velocity: [1709298264.3201044,-1.5, 0.0, 0.0]
Velocity: [1709298264.38783,-1.5, 0.0, 0.0]
Velocity: [1709298264.4218717,-1.5, 0.0, 0.0]
Velocity: [1709298264.442585,-1.5, 0.0, 0.0]
Velocity: [1709298264.471232,-1.5, 0.0, 0.0]
Velocity: [1709298264.5066838,-1.5, 0.0, 0.0]
Velocity: [1709298264.5388563,-1.5, 0.0, 0.0]
Velocity: [1709298264.5778346,-1.5, 0.0, 0.0]
Velocity: [1709298264.6155539,-1.5, 0.0, 0.0]
Velocity: [1709298264.6425495,-1.5, 0.0, 0.0]
Velocity: [1709298264.676057,-1.5, 0.0, 0.0]
Velocity: [1709298264.7067554,-1.5, 0.0, 0.0]
Velocity: [1709298264.7417302,-1.5, 0.0, 0.0]
Velocity: [1709298264.77264,-1.5, 0.0, 0.0]
Velocity: [1709298264.802519,-1.5, 0.0, 0.0]
Velocity: [1709298264.8522532,-1.5, 0.0, 0.0]
Velocity: [1709298264.8804364,-1.5, 0.0, 0.0]
Velocity: [1709298264.9075344,-1.5, 0.0, 0.0]
Velocity: [1709298264.9360218,-1.5, 0.0, 0.0]
Velocity: [1709298264.967497,-1.5, 0.0, 0.0]
Velocity: [1709298264.9983535,-1.5, 0.0, 0.0]
Velocity: [1709298265.0311296,-1.5, 0.0, 0.0]
Velocity: [1709298265.0694618,-1.5, 0.0, 0.0]
Velocity: [1709298265.0971265,-1.5, 0.0, 0.0]
Velocity: [1709298265.1264822,-1.5, 0.0, 0.0]
Velocity: [1709298265.1599867,-1.5, 0.0, 0.0]
Velocity: [1709298265.1890395,-1.5, 0.0, 0.0]
Velocity: [1709298265.2206032,-1.5, 0.0, 0.0]
Velocity: [1709298265.253269,-1.5, 0.0, 0.0]
Velocity: [1709298265.2830226,-1.5, 0.0, 0.0]
Velocity: [1709298265.3182032,-1.5, 0.0, 0.0]
Velocity: [1709298265.3524206,-1.5, 0.0, 0.0]
Velocity: [1709298265.4043481,-1.5, 0.0, 0.0]
Velocity: [1709298265.434667,-1.5, 0.0, 0.0]
Velocity: [1709298265.4536972,-1.5, 0.0, 0.0]
Velocity: [1709298265.4841752,-1.5, 0.0, 0.0]
Velocity: [1709298265.5246198,-1.5, 0.0, 0.0]
Velocity: [1709298265.5579016,-1.5, 0.0, 0.0]
Velocity: [1709298265.5834463,-1.5, 0.0, 0.0]
Velocity: [1709298265.6196947,-1.5, 0.0, 0.0]
Velocity: [1709298265.647014,-1.5, 0.0, 0.0]
Velocity: [1709298265.676158,-1.5, 0.0, 0.0]
Velocity: [1709298265.719243,-1.5, 0.0, 0.0]
Velocity: [1709298265.7452366,-1.5, 0.0, 0.0]
Velocity: [1709298265.7781131,-1.5, 0.0, 0.0]
Velocity: [1709298265.8037465,-1.5, 0.0, 0.0]
Velocity: [1709298265.8498034,-1.5, 0.0, 0.0]
Velocity: [1709298265.8720753,-1.5, 0.0, 0.0]
Velocity: [1709298265.9141502,-1.5, 0.0, 0.0]
Velocity: [1709298265.9383454,-1.5, 0.0, 0.0]
Velocity: [1709298265.9872649,-1.5, 0.0, 0.0]
Velocity: [1709298266.0240762,-1.5, 0.0, 0.0]
Velocity: [1709298266.0502744,-1.5, 0.0, 0.0]
Velocity: [1709298266.0825968,-1.5, 0.0, 0.0]
Velocity: [1709298266.1147833,-1.5, 0.0, 0.0]
Velocity: [1709298266.1487062,-1.5, 0.0, 0.0]
Velocity: [1709298266.1836483,-1.5, 0.0, 0.0]
Velocity: [1709298266.2108877,-1.5, 0.0, 0.0]
Velocity: [1709298266.2416039,-1.5, 0.0, 0.0]
Velocity: [1709298266.2849228,-1.5, 0.0, 0.0]
Velocity: [1709298266.3084376,-1.5, 0.0, 0.0]
Velocity: [1709298266.340666,-1.5, 0.0, 0.0]
Velocity: [1709298266.3829026,-1.5, 0.0, 0.0]
Velocity: [1709298266.4150574,-1.5, 0.0, 0.0]
Velocity: [1709298266.443261,-1.5, 0.0, 0.0]
Velocity: [1709298266.4841933,-1.5, 0.0, 0.0]
Velocity: [1709298266.5177767,-1.5, 0.0, 0.0]
Velocity: [1709298266.5477998,-1.5, 0.0, 0.0]
Velocity: [1709298266.583849,-1.5, 0.0, 0.0]
Velocity: [1709298266.6136422,-1.5, 0.0, 0.0]
Velocity: [1709298266.6497386,-1.5, 0.0, 0.0]
Velocity: [1709298266.6863527,-1.5, 0.0, 0.0]
Velocity: [1709298266.7209723,-1.5, 0.0, 0.0]
Velocity: [1709298266.748781,-1.5, 0.0, 0.0]
Velocity: [1709298266.798016,-1.5, 0.0, 0.0]
Velocity: [1709298266.8252559,-1.5, 0.0, 0.0]
Velocity: [1709298266.8564932,-1.5, 0.0, 0.0]
Velocity: [1709298266.8976386,-1.5, 0.0, 0.0]
Velocity: [1709298266.9246855,-1.5, 0.0, 0.0]
Velocity: [1709298266.953945,-1.5, 0.0, 0.0]
Velocity: [1709298266.9873462,-1.5, 0.0, 0.0]
Velocity: [1709298267.0272734,-1.5, 0.0, 0.0]
Velocity: [1709298267.0648353,-1.5, 0.0, 0.0]
Velocity: [1709298267.1014507,-1.5, 0.0, 0.0]
Velocity: [1709298267.1236582,-1.5, 0.0, 0.0]
Velocity: [1709298267.1576872,-1.5, 0.0, 0.0]
Velocity: [1709298267.1899471,-1.5, 0.0, 0.0]
Velocity: [1709298267.2227266,-1.5, 0.0, 0.0]
Velocity: [1709298267.2638013,-1.5, 0.0, 0.0]
Velocity: [1709298267.2991016,-1.5, 0.0, 0.0]
Velocity: [1709298267.3223755,-1.5, 0.0, 0.0]
Velocity: [1709298267.4586408,-1.5, 0.0, 0.0]
Velocity: [1709298267.4588382,-1.5, 0.0, 0.0]
Velocity: [1709298267.459016,-1.5, 0.0, 0.0]
Velocity: [1709298267.4591959,-1.5, 0.0, 0.0]
Velocity: [1709298267.5030444,-1.5, 0.0, 0.0]
Velocity: [1709298267.531727,-1.5, 0.0, 0.0]
Velocity: [1709298267.5559628,-1.5, 0.0, 0.0]
Velocity: [1709298267.5876734,-1.5, 0.0, 0.0]
Velocity: [1709298267.623465,-1.5, 0.0, 0.0]
Velocity: [1709298267.6602128,-1.5, 0.0, 0.0]
Velocity: [1709298267.689972,-1.5, 0.0, 0.0]
Velocity: [1709298267.7207365,-1.5, 0.0, 0.0]
Velocity: [1709298267.754546,-1.5, 0.0, 0.0]
Velocity: [1709298267.7899258,-1.5, 0.0, 0.0]
Velocity: [1709298267.8138983,-1.5, 0.0, 0.0]
Velocity: [1709298267.8453517,-1.5, 0.0, 0.0]
Velocity: [1709298267.877075,-1.5, 0.0, 0.0]
Velocity: [1709298267.9197586,-1.5, 0.0, 0.0]
Velocity: [1709298267.9559264,-1.5, 0.0, 0.0]
Velocity: [1709298267.9865997,-1.5, 0.0, 0.0]
Velocity: [1709298268.01492,-1.5, 0.0, 0.0]
Velocity: [1709298268.061413,-1.5, 0.0, 0.0]
Velocity: [1709298268.0918663,-1.5, 0.0, 0.0]
Velocity: [1709298268.1299074,-1.5, 0.0, 0.0]
Velocity: [1709298268.1574466,-1.5, 0.0, 0.0]
Velocity: [1709298268.1837015,-1.5, 0.0, 0.0]
Velocity: [1709298268.217698,-1.5, 0.0, 0.0]
Velocity: [1709298268.252634,-1.5, 0.0, 0.0]
Velocity: [1709298268.277936,-1.5, 0.0, 0.0]
Velocity: [1709298268.3180454,-1.5, 0.0, 0.0]
Velocity: [1709298268.3535526,-1.5, 0.0, 0.0]
Velocity: [1709298268.3876712,-1.5, 0.0, 0.0]
Velocity: [1709298268.4166152,-1.5, 0.0, 0.0]
Velocity: [1709298268.448311,-1.5, 0.0, 0.0]
Velocity: [1709298268.4852166,-1.5, 0.0, 0.0]
Velocity: [1709298268.5102534,-1.5, 0.0, 0.0]
Velocity: [1709298268.550149,-1.5, 0.0, 0.0]
Velocity: [1709298268.581027,-1.5, 0.0, 0.0]
Velocity: [1709298268.6062515,-1.5, 0.0, 0.0]
Velocity: [1709298268.6402595,-1.5, 0.0, 0.0]
Velocity: [1709298268.681268,-1.5, 0.0, 0.0]
Velocity: [1709298268.7087376,-1.5, 0.0, 0.0]
Velocity: [1709298268.7432897,-1.5, 0.0, 0.0]
Velocity: [1709298268.768815,-1.5, 0.0, 0.0]
Velocity: [1709298268.8039963,-1.5, 0.0, 0.0]
Velocity: [1709298268.8340576,-1.5, 0.0, 0.0]
Velocity: [1709298268.864709,-1.5, 0.0, 0.0]
Velocity: [1709298268.8980658,-1.5, 0.0, 0.0]
Velocity: [1709298268.9334111,-1.5, 0.0, 0.0]
Velocity: [1709298268.9710586,-1.5, 0.0, 0.0]
Velocity: [1709298268.9976313,-1.5, 0.0, 0.0]
Velocity: [1709298269.026713,-1.5, 0.0, 0.0]
Velocity: [1709298269.0616105,-1.5, 0.0, 0.0]
Velocity: [1709298269.089684,-1.5, 0.0, 0.0]
Velocity: [1709298269.1217928,-1.5, 0.0, 0.0]
Velocity: [1709298269.1720648,-1.5, 0.0, 0.0]
Velocity: [1709298269.186295,-1.5, 0.0, 0.0]
Velocity: [1709298269.2317393,-1.5, 0.0, 0.0]
Velocity: [1709298269.2544534,-1.5, 0.0, 0.0]
Velocity: [1709298269.290168,-1.5, 0.0, 0.0]
Velocity: [1709298269.3279564,-1.5, 0.0, 0.0]
Velocity: [1709298269.355966,-1.5, 0.0, 0.0]
Velocity: [1709298269.395643,-1.5, 0.0, 0.0]
Velocity: [1709298269.4239695,-1.5, 0.0, 0.0]
Velocity: [1709298269.4562,-1.5, 0.0, 0.0]
Velocity: [1709298269.4899552,-1.5, 0.0, 0.0]
Velocity: [1709298269.527095,-1.5, 0.0, 0.0]
Velocity: [1709298269.557082,-1.5, 0.0, 0.0]
Velocity: [1709298269.5965223,-1.5, 0.0, 0.0]
Velocity: [1709298269.6273732,-1.5, 0.0, 0.0]
Velocity: [1709298269.6535025,-1.5, 0.0, 0.0]
Velocity: [1709298269.6763053,-1.5, 0.0, 0.0]
Velocity: [1709298269.7164454,-1.5, 0.0, 0.0]
Velocity: [1709298269.7464976,-1.5, 0.0, 0.0]
Velocity: [1709298269.7739952,-1.5, 0.0, 0.0]
Velocity: [1709298269.805048,-1.5, 0.0, 0.0]
Velocity: [1709298269.8435946,-1.5, 0.0, 0.0]
Velocity: [1709298269.8719542,-1.5, 0.0, 0.0]
Velocity: [1709298269.9118443,-1.5, 0.0, 0.0]
Velocity: [1709298269.9325166,-1.5, 0.0, 0.0]
Velocity: [1709298269.9669569,-1.5, 0.0, 0.0]
Velocity: [1709298269.993752,-1.5, 0.0, 0.0]
Velocity: [1709298270.028708,-1.5, 0.0, 0.0]
Velocity: [1709298270.060713,-1.5, 0.0, 0.0]
Velocity: [1709298270.095828,-1.5, 0.0, 0.0]
Velocity: [1709298270.126698,-1.5, 0.0, 0.0]
Velocity: [1709298270.1638062,-1.5, 0.0, 0.0]
Velocity: [1709298270.1874564,-1.5, 0.0, 0.0]
Velocity: [1709298270.2291899,-1.5, 0.0, 0.0]
Velocity: [1709298270.254497,-1.5, 0.0, 0.0]
Velocity: [1709298270.2891042,-1.5, 0.0, 0.0]
Velocity: [1709298270.3206177,-1.5, 0.0, 0.0]
Velocity: [1709298270.3545558,-1.5, 0.0, 0.0]
Velocity: [1709298270.3963654,-1.5, 0.0, 0.0]
Velocity: [1709298270.4380894,-1.5, 0.0, 0.0]
Velocity: [1709298270.456054,-1.5, 0.0, 0.0]
Velocity: [1709298270.485078,-1.5, 0.0, 0.0]
Velocity: [1709298270.5227075,-1.5, 0.0, 0.0]
Velocity: [1709298270.5812035,-1.5, 0.0, 0.0]
Velocity: [1709298270.6076434,-1.5, 0.0, 0.0]
Velocity: [1709298270.6480525,-1.5, 0.0, 0.0]
Velocity: [1709298270.6816146,-1.5, 0.0, 0.0]
Velocity: [1709298270.716088,-1.5, 0.0, 0.0]
Velocity: [1709298270.7618816,-1.5, 0.0, 0.0]
Velocity: [1709298270.7936392,-1.5, 0.0, 0.0]
Velocity: [1709298270.975197,-1.5, 0.0, 0.0]
Velocity: [1709298270.9756396,-1.5, 0.0, 0.0]
Velocity: [1709298270.9759052,-1.5, 0.0, 0.0]
Velocity: [1709298270.9760873,-1.5, 0.0, 0.0]
Velocity: [1709298270.9869108,-1.5, 0.0, 0.0]
Velocity: [1709298270.9871218,-1.5, 0.0, 0.0]
Velocity: [1709298271.0155382,-1.5, 0.0, 0.0]
Velocity: [1709298271.0528924,-1.5, 0.0, 0.0]
Velocity: [1709298271.0855265,-1.5, 0.0, 0.0]
Velocity: [1709298271.1131418,-1.5, 0.0, 0.0]
Velocity: [1709298271.1446793,-1.5, 0.0, 0.0]
Velocity: [1709298271.1756115,-1.5, 0.0, 0.0]
Velocity: [1709298271.2201266,-1.5, 0.0, 0.0]
Velocity: [1709298271.2555697,-1.5, 0.0, 0.0]
Velocity: [1709298271.2860606,-1.5, 0.0, 0.0]
Velocity: [1709298271.3188255,-1.5, 0.0, 0.0]
Velocity: [1709298271.3552082,-1.5, 0.0, 0.0]
Velocity: [1709298271.3826315,-1.5, 0.0, 0.0]
Velocity: [1709298271.4328647,-1.5, 0.0, 0.0]
Velocity: [1709298271.4508057,-1.5, 0.0, 0.0]
Velocity: [1709298271.4941103,-1.5, 0.0, 0.0]
Velocity: [1709298271.5320735,-1.5, 0.0, 0.0]
Velocity: [1709298271.5540173,-1.5, 0.0, 0.0]
Velocity: [1709298271.5864434,-1.5, 0.0, 0.0]
Velocity: [1709298271.6176002,-1.5, 0.0, 0.0]
Velocity: [1709298271.6525757,-1.5, 0.0, 0.0]
Velocity: [1709298271.680064,-1.5, 0.0, 0.0]
Velocity: [1709298271.7204814,-1.5, 0.0, 0.0]
Velocity: [1709298271.7468972,-1.5, 0.0, 0.0]
Velocity: [1709298271.7833087,-1.5, 0.0, 0.0]
Velocity: [1709298271.8164034,-1.5, 0.0, 0.0]
Velocity: [1709298271.8514073,-1.5, 0.0, 0.0]
Velocity: [1709298271.879005,-1.5, 0.0, 0.0]
Velocity: [1709298271.9106333,-1.5, 0.0, 0.0]
Velocity: [1709298271.9488785,-1.5, 0.0, 0.0]
Velocity: [1709298271.9956958,-1.5, 0.0, 0.0]
Velocity: [1709298272.023475,-1.5, 0.0, 0.0]
Velocity: [1709298272.0676935,-1.5, 0.0, 0.0]
Velocity: [1709298272.0955422,-1.5, 0.0, 0.0]
Velocity: [1709298272.1259294,-1.5, 0.0, 0.0]
Velocity: [1709298272.162001,-1.5, 0.0, 0.0]
Velocity: [1709298272.19724,-1.5, 0.0, 0.0]
Velocity: [1709298272.2228074,-1.5, 0.0, 0.0]
Velocity: [1709298272.2540188,-1.5, 0.0, 0.0]
Velocity: [1709298272.2828805,-1.5, 0.0, 0.0]
Velocity: [1709298272.3132803,-1.5, 0.0, 0.0]
Velocity: [1709298272.3705292,-1.5, 0.0, 0.0]
Velocity: [1709298272.3950627,-1.5, 0.0, 0.0]
Velocity: [1709298272.4356408,-1.5, 0.0, 0.0]
Velocity: [1709298272.463963,-1.5, 0.0, 0.0]
Velocity: [1709298272.49358,-1.5, 0.0, 0.0]
Velocity: [1709298272.5233,-1.5, 0.0, 0.0]
Velocity: [1709298272.5527465,-1.5, 0.0, 0.0]
Velocity: [1709298272.5844274,-1.5, 0.0, 0.0]
Velocity: [1709298272.617117,-1.5, 0.0, 0.0]
Velocity: [1709298272.6466932,-1.5, 0.0, 0.0]
Velocity: [1709298272.6788044,-1.5, 0.0, 0.0]
Velocity: [1709298272.7161827,-1.5, 0.0, 0.0]
Velocity: [1709298272.7453682,-1.5, 0.0, 0.0]
Velocity: [1709298272.7831845,-1.5, 0.0, 0.0]
Velocity: [1709298272.8186336,-1.5, 0.0, 0.0]
Velocity: [1709298272.8480854,-1.5, 0.0, 0.0]
Velocity: [1709298272.879291,-1.5, 0.0, 0.0]
Velocity: [1709298272.924747,-1.5, 0.0, 0.0]
Velocity: [1709298272.9477527,-1.5, 0.0, 0.0]
Velocity: [1709298272.9861574,-1.5, 0.0, 0.0]
Velocity: [1709298273.0159817,-1.5, 0.0, 0.0]
Velocity: [1709298273.0490518,-1.5, 0.0, 0.0]
Velocity: [1709298273.0750334,-1.5, 0.0, 0.0]
Velocity: [1709298273.1066191,-1.5, 0.0, 0.0]
Velocity: [1709298273.1501794,-1.5, 0.0, 0.0]
Velocity: [1709298273.1714137,-1.5, 0.0, 0.0]
Velocity: [1709298273.2032945,-1.5, 0.0, 0.0]
Velocity: [1709298273.2361505,-1.5, 0.0, 0.0]
Velocity: [1709298273.2753465,-1.5, 0.0, 0.0]
Velocity: [1709298273.3051906,-1.5, 0.0, 0.0]
Velocity: [1709298273.3378327,-1.5, 0.0, 0.0]
Velocity: [1709298273.3688843,-1.5, 0.0, 0.0]
Velocity: [1709298273.4027095,-1.5, 0.0, 0.0]
Velocity: [1709298273.4246297,-1.5, 0.0, 0.0]
Velocity: [1709298273.4542344,-1.5, 0.0, 0.0]
Velocity: [1709298273.4985516,-1.5, 0.0, 0.0]
Velocity: [1709298273.5250256,-1.5, 0.0, 0.0]
Velocity: [1709298273.5573492,-1.5, 0.0, 0.0]
Velocity: [1709298273.5870285,-1.5, 0.0, 0.0]
Velocity: [1709298273.6205316,-1.5, 0.0, 0.0]
Velocity: [1709298273.6549163,-1.5, 0.0, 0.0]
Velocity: [1709298273.684492,-1.5, 0.0, 0.0]
Velocity: [1709298273.7145452,-1.5, 0.0, 0.0]
Velocity: [1709298273.7512338,-1.5, 0.0, 0.0]
Velocity: [1709298273.7770894,-1.5, 0.0, 0.0]
Velocity: [1709298273.813541,-1.5, 0.0, 0.0]
Velocity: [1709298273.8651166,-1.5, 0.0, 0.0]
Velocity: [1709298273.8928668,-1.5, 0.0, 0.0]
Velocity: [1709298273.932158,-1.5, 0.0, 0.0]
Velocity: [1709298273.9621277,-1.5, 0.0, 0.0]
Velocity: [1709298273.9865754,-1.5, 0.0, 0.0]
Velocity: [1709298274.0281847,-1.5, 0.0, 0.0]
Velocity: [1709298274.0538154,-1.5, 0.0, 0.0]
Velocity: [1709298274.0828712,-1.5, 0.0, 0.0]
Velocity: [1709298274.1172292,-1.5, 0.0, 0.0]
Velocity: [1709298274.1475766,-1.5, 0.0, 0.0]
Velocity: [1709298274.1775794,-1.5, 0.0, 0.0]
Velocity: [1709298274.211631,-1.5, 0.0, 0.0]
Velocity: [1709298274.251409,-1.5, 0.0, 0.0]
Velocity: [1709298274.4063962,-1.5, 0.0, 0.0]
Velocity: [1709298274.4067597,-1.5, 0.0, 0.0]
Velocity: [1709298274.4069467,-1.5, 0.0, 0.0]
Velocity: [1709298274.407121,-1.5, 0.0, 0.0]
Velocity: [1709298274.4072957,-1.5, 0.0, 0.0]
Velocity: [1709298274.4433396,-1.5, 0.0, 0.0]
Velocity: [1709298274.473396,-1.5, 0.0, 0.0]
Velocity: [1709298274.498196,-1.5, 0.0, 0.0]
Velocity: [1709298274.5311291,-1.5, 0.0, 0.0]
Velocity: [1709298274.5648527,-1.5, 0.0, 0.0]
Velocity: [1709298274.5955527,-1.5, 0.0, 0.0]
Velocity: [1709298274.6324618,-1.5, 0.0, 0.0]
Velocity: [1709298274.6588976,-1.5, 0.0, 0.0]
Velocity: [1709298274.699049,-1.5, 0.0, 0.0]
Velocity: [1709298274.7259088,-1.5, 0.0, 0.0]
Velocity: [1709298274.760843,-1.5, 0.0, 0.0]
Velocity: [1709298274.8126442,-1.5, 0.0, 0.0]
Velocity: [1709298274.8466775,-1.5, 0.0, 0.0]
Velocity: [1709298274.8832655,-1.5, 0.0, 0.0]
Velocity: [1709298274.9221396,-1.5, 0.0, 0.0]
Velocity: [1709298274.954121,-1.5, 0.0, 0.0]
Velocity: [1709298274.9894567,-1.5, 0.0, 0.0]
Velocity: [1709298275.020773,-1.5, 0.0, 0.0]
Velocity: [1709298275.0483704,-1.5, 0.0, 0.0]
Velocity: [1709298275.079264,-1.5, 0.0, 0.0]
Velocity: [1709298275.1198788,-1.5, 0.0, 0.0]
Velocity: [1709298275.142544,-1.5, 0.0, 0.0]
Velocity: [1709298275.1825776,-1.5, 0.0, 0.0]
Velocity: [1709298275.2078037,-1.5, 0.0, 0.0]
Velocity: [1709298275.2379248,-1.5, 0.0, 0.0]
Velocity: [1709298275.2697136,-1.5, 0.0, 0.0]
Velocity: [1709298275.3029504,-1.5, 0.0, 0.0]
Velocity: [1709298275.353155,-1.5, 0.0, 0.0]
Velocity: [1709298275.3852131,-1.5, 0.0, 0.0]
Velocity: [1709298275.4097507,-1.5, 0.0, 0.0]
Velocity: [1709298275.4398267,-1.5, 0.0, 0.0]
Velocity: [1709298275.481036,-1.5, 0.0, 0.0]
Velocity: [1709298275.512924,-1.5, 0.0, 0.0]
Velocity: [1709298275.5439324,-1.5, 0.0, 0.0]
Velocity: [1709298275.5769722,-1.5, 0.0, 0.0]
Velocity: [1709298275.5976903,-1.5, 0.0, 0.0]
Velocity: [1709298275.6588433,-1.5, 0.0, 0.0]
Velocity: [1709298275.67814,-1.5, 0.0, 0.0]
Velocity: [1709298275.7110527,-1.5, 0.0, 0.0]
Velocity: [1709298275.7426345,-1.5, 0.0, 0.0]
Velocity: [1709298275.7753878,-1.5, 0.0, 0.0]
Velocity: [1709298275.8182328,-1.5, 0.0, 0.0]
Velocity: [1709298275.8477552,-1.5, 0.0, 0.0]
Velocity: [1709298275.8732097,-1.5, 0.0, 0.0]
Velocity: [1709298275.8748083,0.0, 0.0, 0.0]
Velocity: [1709298276.06145,0.0, 0.0, 0.0]
Velocity: [1709298276.276037,0.0, 0.0, 0.0]
Velocity: [1709298276.500832,0.0, 0.0, 0.0]
Velocity: [1709298276.7117805,0.0, 0.0, 0.0]
Velocity: [1709298276.8850112,0.0, 0.0, 0.0]
Velocity: [1709298277.1259282,0.0, 0.0, 0.0]
Velocity: [1709298277.5547733,0.0, 0.0, 0.0]
Velocity: [1709298277.7686262,0.0, 0.0, 0.0]
Velocity: [1709298277.9573443,0.0, 0.0, 0.0]
Velocity: [1709298278.1400547,0.0, 0.0, 0.0]
Velocity: [1709298278.3386784,0.0, 0.0, 0.0]
Velocity: [1709298278.5666833,0.0, 0.0, 0.0]
Velocity: [1709298278.7738438,0.0, 0.0, 0.0]
Velocity: [1709298278.9586105,0.0, 0.0, 0.0]
Velocity: [1709298279.1539125,0.0, 0.0, 0.0]
Velocity: [1709298279.377618,0.0, 0.0, 0.0]
Velocity: [1709298279.5825567,0.0, 0.0, 0.0]
Velocity: [1709298279.7647922,0.0, 0.0, 0.0]
Velocity: [1709298279.9437628,0.0, 0.0, 0.0]
Velocity: [1709298280.137072,0.0, 0.0, 0.0]
Velocity: [1709298280.3920403,0.0, 0.0, 0.0]
Velocity: [1709298280.5893075,0.0, 0.0, 0.0]
Velocity: [1709298280.9000747,0.0, 0.0, 0.0]
Velocity: [1709298281.0031757,0.0, 0.0, 0.0]
Velocity: [1709298281.1975124,0.0, 0.0, 0.0]
Velocity: [1709298281.4070442,0.0, 0.0, 0.0]
Velocity: [1709298281.8469799,0.0, 0.0, 0.0]
Velocity: [1709298282.0690343,0.0, 0.0, 0.0]
Velocity: [1709298282.2653308,0.0, 0.0, 0.0]
Velocity: [1709298282.3547146,0.0, 0.0, 2.0]
Velocity: [1709298282.3558514,0.0, 0.0, 2.0]
Velocity: [1709298282.3572054,0.0, 0.0, 2.0]
Velocity: [1709298282.397115,0.0, 0.0, 2.0]
Velocity: [1709298282.4192479,0.0, 0.0, 2.0]
Velocity: [1709298282.448851,0.0, 0.0, 2.0]
Velocity: [1709298282.4809856,0.0, 0.0, 2.0]
Velocity: [1709298282.513172,0.0, 0.0, 2.0]
Velocity: [1709298282.542399,0.0, 0.0, 2.0]
Velocity: [1709298282.583841,0.0, 0.0, 2.0]
Velocity: [1709298282.6138625,0.0, 0.0, 2.0]
Velocity: [1709298282.64423,0.0, 0.0, 2.0]
Velocity: [1709298282.7227185,0.0, 0.0, 2.0]
Velocity: [1709298282.7406814,0.0, 0.0, 2.0]
Velocity: [1709298282.7726126,0.0, 0.0, 2.0]
Velocity: [1709298282.8097627,0.0, 0.0, 2.0]
Velocity: [1709298282.8347669,0.0, 0.0, 2.0]
Velocity: [1709298282.8672516,0.0, 0.0, 2.0]
Velocity: [1709298282.9013262,0.0, 0.0, 2.0]
Velocity: [1709298282.950175,0.0, 0.0, 2.0]
Velocity: [1709298282.9692879,0.0, 0.0, 2.0]
Velocity: [1709298283.005168,0.0, 0.0, 2.0]
Velocity: [1709298283.0351324,0.0, 0.0, 2.0]
Velocity: [1709298283.0611186,0.0, 0.0, 2.0]
Velocity: [1709298283.0975637,0.0, 0.0, 2.0]
Velocity: [1709298283.1364896,0.0, 0.0, 2.0]
Velocity: [1709298283.1605809,0.0, 0.0, 2.0]
Velocity: [1709298283.1937509,0.0, 0.0, 2.0]
Velocity: [1709298283.2243893,0.0, 0.0, 2.0]
Velocity: [1709298283.2569926,0.0, 0.0, 2.0]
Velocity: [1709298283.2920213,0.0, 0.0, 2.0]
Velocity: [1709298283.3318093,0.0, 0.0, 2.0]
Velocity: [1709298283.3620498,0.0, 0.0, 2.0]
Velocity: [1709298283.3835185,0.0, 0.0, 2.0]
Velocity: [1709298283.4302588,0.0, 0.0, 2.0]
Velocity: [1709298283.4608636,0.0, 0.0, 2.0]
Velocity: [1709298283.4935362,0.0, 0.0, 2.0]
Velocity: [1709298283.524653,0.0, 0.0, 2.0]
Velocity: [1709298283.558951,0.0, 0.0, 2.0]
Velocity: [1709298283.5922217,0.0, 0.0, 2.0]
Velocity: [1709298283.6243746,0.0, 0.0, 2.0]
Velocity: [1709298283.6560335,0.0, 0.0, 2.0]
Velocity: [1709298283.6909375,0.0, 0.0, 2.0]
Velocity: [1709298283.7245028,0.0, 0.0, 2.0]
Velocity: [1709298283.7542367,0.0, 0.0, 2.0]
Velocity: [1709298283.7863755,0.0, 0.0, 2.0]
Velocity: [1709298283.821294,0.0, 0.0, 2.0]
Velocity: [1709298283.849906,0.0, 0.0, 2.0]
Velocity: [1709298283.8939693,0.0, 0.0, 2.0]
Velocity: [1709298283.9201448,0.0, 0.0, 2.0]
Velocity: [1709298283.9507673,0.0, 0.0, 2.0]
Velocity: [1709298283.9834788,0.0, 0.0, 2.0]
Velocity: [1709298284.0115318,0.0, 0.0, 2.0]
Velocity: [1709298284.154591,0.0, 0.0, 2.0]
Velocity: [1709298284.1549437,0.0, 0.0, 2.0]
Velocity: [1709298284.1551235,0.0, 0.0, 2.0]
Velocity: [1709298284.1552973,0.0, 0.0, 2.0]
Velocity: [1709298284.1776574,0.0, 0.0, 2.0]
Velocity: [1709298284.207953,0.0, 0.0, 2.0]
Velocity: [1709298284.2428167,0.0, 0.0, 2.0]
Velocity: [1709298284.2756639,0.0, 0.0, 2.0]
Velocity: [1709298284.3066506,0.0, 0.0, 2.0]
Velocity: [1709298284.3468146,0.0, 0.0, 2.0]
Velocity: [1709298284.3771465,0.0, 0.0, 2.0]
Velocity: [1709298284.4016364,0.0, 0.0, 2.0]
Velocity: [1709298284.4342427,0.0, 0.0, 2.0]
Velocity: [1709298284.4647868,0.0, 0.0, 2.0]
Velocity: [1709298284.4974217,0.0, 0.0, 2.0]
Velocity: [1709298284.5608954,0.0, 0.0, 2.0]
Velocity: [1709298284.5763805,0.0, 0.0, 2.0]
Velocity: [1709298284.6098459,0.0, 0.0, 2.0]
Velocity: [1709298284.64016,0.0, 0.0, 2.0]
Velocity: [1709298284.671059,0.0, 0.0, 2.0]
Velocity: [1709298284.7043755,0.0, 0.0, 2.0]
Velocity: [1709298284.736832,0.0, 0.0, 2.0]
Velocity: [1709298284.7665236,0.0, 0.0, 2.0]
Velocity: [1709298284.8038523,0.0, 0.0, 2.0]
Velocity: [1709298284.8357322,0.0, 0.0, 2.0]
Velocity: [1709298284.8663013,0.0, 0.0, 2.0]
Velocity: [1709298284.9044247,0.0, 0.0, 2.0]
Velocity: [1709298284.9383638,0.0, 0.0, 2.0]
Velocity: [1709298284.9603076,0.0, 0.0, 2.0]
Velocity: [1709298284.994772,0.0, 0.0, 2.0]
Velocity: [1709298285.027222,0.0, 0.0, 2.0]
Velocity: [1709298285.0591516,0.0, 0.0, 2.0]
Velocity: [1709298285.0924618,0.0, 0.0, 2.0]
Velocity: [1709298285.1248853,0.0, 0.0, 2.0]
Velocity: [1709298285.164143,0.0, 0.0, 2.0]
Velocity: [1709298285.230963,0.0, 0.0, 2.0]
Velocity: [1709298285.267103,0.0, 0.0, 2.0]
Velocity: [1709298285.2971041,0.0, 0.0, 2.0]
Velocity: [1709298285.3177626,0.0, 0.0, 2.0]
Velocity: [1709298285.3540936,0.0, 0.0, 2.0]
Velocity: [1709298285.396566,0.0, 0.0, 2.0]
Velocity: [1709298285.437422,0.0, 0.0, 2.0]
Velocity: [1709298285.4613266,0.0, 0.0, 2.0]
Velocity: [1709298285.4913857,0.0, 0.0, 2.0]
Velocity: [1709298285.5232012,0.0, 0.0, 2.0]
Velocity: [1709298285.5547302,0.0, 0.0, 2.0]
Velocity: [1709298285.604809,0.0, 0.0, 2.0]
Velocity: [1709298285.627682,0.0, 0.0, 2.0]
Velocity: [1709298285.6617,0.0, 0.0, 2.0]
Velocity: [1709298285.697484,0.0, 0.0, 2.0]
Velocity: [1709298285.7284846,0.0, 0.0, 2.0]
Velocity: [1709298285.7598078,0.0, 0.0, 2.0]
Velocity: [1709298285.795699,0.0, 0.0, 2.0]
Velocity: [1709298285.8368387,0.0, 0.0, 2.0]
Velocity: [1709298285.8661075,0.0, 0.0, 2.0]
Velocity: [1709298285.898569,0.0, 0.0, 2.0]
Velocity: [1709298285.9379096,0.0, 0.0, 2.0]
Velocity: [1709298285.956954,0.0, 0.0, 0.0]
Velocity: [1709298286.1949205,0.0, 0.0, 0.0]
Velocity: [1709298286.3538826,0.0, 0.0, 0.0]
Velocity: [1709298286.5471435,0.0, 0.0, 0.0]
Velocity: [1709298286.76023,0.0, 0.0, 0.0]
Velocity: [1709298286.948614,0.0, 0.0, 0.0]
Velocity: [1709298287.1492288,0.0, 0.0, 0.0]
Velocity: [1709298287.4852219,0.0, 0.0, 0.0]
Velocity: [1709298287.5545998,0.0, 0.0, 0.0]
Velocity: [1709298287.6837296,1.5, 0.0, 0.0]
Velocity: [1709298288.1842647,1.5, 0.0, 0.0]
Velocity: [1709298288.223482,1.5, 0.0, 0.0]
Velocity: [1709298288.2539518,1.5, 0.0, 0.0]
Velocity: [1709298288.2953045,1.5, 0.0, 0.0]
Velocity: [1709298288.3191974,1.5, 0.0, 0.0]
Velocity: [1709298288.3578572,1.5, 0.0, 0.0]
Velocity: [1709298288.4122329,1.5, 0.0, 0.0]
Velocity: [1709298288.4411082,1.5, 0.0, 0.0]
Velocity: [1709298288.4686875,1.5, 0.0, 0.0]
Velocity: [1709298288.5010493,1.5, 0.0, 0.0]
Velocity: [1709298288.538781,1.5, 0.0, 0.0]
Velocity: [1709298288.5655663,1.5, 0.0, 0.0]
Velocity: [1709298288.6004074,1.5, 0.0, 0.0]
Velocity: [1709298288.647601,1.5, 0.0, 0.0]
Velocity: [1709298288.672007,1.5, 0.0, 0.0]
Velocity: [1709298288.7050273,1.5, 0.0, 0.0]
Velocity: [1709298288.7318869,1.5, 0.0, 0.0]
Velocity: [1709298288.7786946,1.5, 0.0, 0.0]
Velocity: [1709298288.810463,1.5, 0.0, 0.0]
Velocity: [1709298288.8483777,1.5, 0.0, 0.0]
Velocity: [1709298288.9146667,1.5, 0.0, 0.0]
Velocity: [1709298288.9356968,1.5, 0.0, 0.0]
Velocity: [1709298288.9558272,1.5, 0.0, 0.0]
Velocity: [1709298288.9927964,1.5, 0.0, 0.0]
Velocity: [1709298289.0260215,1.5, 0.0, 0.0]
Velocity: [1709298289.0562727,1.5, 0.0, 0.0]
Velocity: [1709298289.0880222,1.5, 0.0, 0.0]
Velocity: [1709298289.1240366,1.5, 0.0, 0.0]
Velocity: [1709298289.1574914,1.5, 0.0, 0.0]
Velocity: [1709298289.181797,1.5, 0.0, 0.0]
Velocity: [1709298289.212708,1.5, 0.0, 0.0]
Velocity: [1709298289.2379344,1.5, 0.0, 0.0]
Velocity: [1709298289.2717695,1.5, 0.0, 0.0]
Velocity: [1709298289.3179355,1.5, 0.0, 0.0]
Velocity: [1709298289.3467777,1.5, 0.0, 0.0]
Velocity: [1709298289.3720224,1.5, 0.0, 0.0]
Velocity: [1709298289.4020944,1.5, 0.0, 0.0]
Velocity: [1709298289.454335,1.5, 0.0, 0.0]
Velocity: [1709298289.4877243,1.5, 0.0, 0.0]
Velocity: [1709298289.521498,1.5, 0.0, 0.0]
Velocity: [1709298289.547154,1.5, 0.0, 0.0]
Velocity: [1709298289.5822074,1.5, 0.0, 0.0]
Velocity: [1709298289.6129792,1.5, 0.0, 0.0]
Velocity: [1709298289.6473994,1.5, 0.0, 0.0]
Velocity: [1709298289.6796775,1.5, 0.0, 0.0]
Velocity: [1709298289.7157362,1.5, 0.0, 0.0]
Velocity: [1709298289.7420993,1.5, 0.0, 0.0]
Velocity: [1709298289.7785246,1.5, 0.0, 0.0]
Velocity: [1709298289.8140144,1.5, 0.0, 0.0]
Velocity: [1709298289.8531814,1.5, 0.0, 0.0]
Velocity: [1709298289.8822536,1.5, 0.0, 0.0]
Velocity: [1709298289.9262304,1.5, 0.0, 0.0]
Velocity: [1709298289.9709487,1.5, 0.0, 0.0]
Velocity: [1709298289.997828,1.5, 0.0, 0.0]
Velocity: [1709298290.0290005,1.5, 0.0, 0.0]
Velocity: [1709298290.053969,1.5, 0.0, 0.0]
Velocity: [1709298290.0912404,1.5, 0.0, 0.0]
Velocity: [1709298290.1702034,1.5, 0.0, 0.0]
Velocity: [1709298290.1705456,1.5, 0.0, 0.0]
Velocity: [1709298290.191509,1.5, 0.0, 0.0]
Velocity: [1709298290.2260544,1.5, 0.0, 0.0]
Velocity: [1709298290.2765844,1.5, 0.0, 0.0]
Velocity: [1709298290.3053176,1.5, 0.0, 0.0]
Velocity: [1709298290.3354332,1.5, 0.0, 0.0]
Velocity: [1709298290.3672042,1.5, 0.0, 0.0]
Velocity: [1709298290.3990283,1.5, 0.0, 0.0]
Velocity: [1709298290.438917,1.5, 0.0, 0.0]
Velocity: [1709298290.4621801,1.5, 0.0, 0.0]
Velocity: [1709298290.4815335,1.5, 0.0, 0.0]
Velocity: [1709298290.5117993,1.5, 0.0, 0.0]
Velocity: [1709298290.5673616,1.5, 0.0, 0.0]
Velocity: [1709298290.5817854,1.5, 0.0, 0.0]
Velocity: [1709298290.6219327,1.5, 0.0, 0.0]
Velocity: [1709298290.6552074,1.5, 0.0, 0.0]
Velocity: [1709298290.6820567,1.5, 0.0, 0.0]
Velocity: [1709298290.7216015,1.5, 0.0, 0.0]
Velocity: [1709298290.7520764,1.5, 0.0, 0.0]
Velocity: [1709298290.7807124,1.5, 0.0, 0.0]
Velocity: [1709298290.8134851,1.5, 0.0, 0.0]
Velocity: [1709298290.8531065,1.5, 0.0, 0.0]
Velocity: [1709298291.0243988,1.5, 0.0, 0.0]
Velocity: [1709298291.025231,1.5, 0.0, 0.0]
Velocity: [1709298291.0261402,1.5, 0.0, 0.0]
Velocity: [1709298291.0264542,1.5, 0.0, 0.0]
Velocity: [1709298291.0267148,1.5, 0.0, 0.0]
Velocity: [1709298291.0703745,1.5, 0.0, 0.0]
Velocity: [1709298291.0707262,1.5, 0.0, 0.0]
Velocity: [1709298291.1066794,1.5, 0.0, 0.0]
Velocity: [1709298291.139679,1.5, 0.0, 0.0]
Velocity: [1709298291.1779351,1.5, 0.0, 0.0]
Velocity: [1709298291.2014089,1.5, 0.0, 0.0]
Velocity: [1709298291.2369306,1.5, 0.0, 0.0]
Velocity: [1709298291.2711804,1.5, 0.0, 0.0]
Velocity: [1709298291.2927475,1.5, 0.0, 0.0]
Velocity: [1709298291.3278646,1.5, 0.0, 0.0]
Velocity: [1709298291.3632004,1.5, 0.0, 0.0]
Velocity: [1709298291.391811,1.5, 0.0, 0.0]
Velocity: [1709298291.4568193,1.5, 0.0, 0.0]
Velocity: [1709298291.4901378,1.5, 0.0, 0.0]
Velocity: [1709298291.518035,1.5, 0.0, 0.0]
Velocity: [1709298291.5484936,1.5, 0.0, 0.0]
Velocity: [1709298291.589491,1.5, 0.0, 0.0]
Velocity: [1709298291.6122627,1.5, 0.0, 0.0]
Velocity: [1709298291.6466944,1.5, 0.0, 0.0]
Velocity: [1709298291.6812978,1.5, 0.0, 0.0]
Velocity: [1709298291.7141159,1.5, 0.0, 0.0]
Velocity: [1709298291.7430937,1.5, 0.0, 0.0]
Velocity: [1709298291.794264,1.5, 0.0, 0.0]
Velocity: [1709298291.8153782,1.5, 0.0, 0.0]
Velocity: [1709298291.8474028,1.5, 0.0, 0.0]
Velocity: [1709298291.882065,1.5, 0.0, 0.0]
Velocity: [1709298291.914289,1.5, 0.0, 0.0]
Velocity: [1709298291.9435813,1.5, 0.0, 0.0]
Velocity: [1709298291.9985373,1.5, 0.0, 0.0]
Velocity: [1709298292.0197115,1.5, 0.0, 0.0]
Velocity: [1709298292.0521405,1.5, 0.0, 0.0]
Velocity: [1709298292.0908751,1.5, 0.0, 0.0]
Velocity: [1709298292.1173177,1.5, 0.0, 0.0]
Velocity: [1709298292.1483505,1.5, 0.0, 0.0]
Velocity: [1709298292.1872103,1.5, 0.0, 0.0]
Velocity: [1709298292.2212474,1.5, 0.0, 0.0]
Velocity: [1709298292.249712,1.5, 0.0, 0.0]
Velocity: [1709298292.2770064,1.5, 0.0, 0.0]
Velocity: [1709298292.3048952,1.5, 0.0, 0.0]
Velocity: [1709298292.3424127,1.5, 0.0, 0.0]
Velocity: [1709298292.372745,1.5, 0.0, 0.0]
Velocity: [1709298292.3970664,1.5, 0.0, 0.0]
Velocity: [1709298292.438768,1.5, 0.0, 0.0]
Velocity: [1709298292.4625878,1.5, 0.0, 0.0]
Velocity: [1709298292.4941337,1.5, 0.0, 0.0]
Velocity: [1709298292.526223,1.5, 0.0, 0.0]
Velocity: [1709298292.5401993,0.0, 0.0, 0.0]
Velocity: [1709298292.7550466,0.0, 0.0, 0.0]
Velocity: [1709298293.000457,0.0, 0.0, 0.0]
Velocity: [1709298293.2030008,0.0, 0.0, 0.0]
Velocity: [1709298293.355954,0.0, 0.0, 0.0]
Velocity: [1709298293.5481548,0.0, 0.0, 0.0]
Velocity: [1709298293.7470675,0.0, 0.0, 0.0]
Velocity: [1709298293.9700603,0.0, 0.0, 0.0]
Velocity: [1709298294.391825,0.0, 0.0, 0.0]
Velocity: [1709298294.5827706,0.0, 0.0, 0.0]
Velocity: [1709298294.7818775,0.0, 0.0, 0.0]
Velocity: [1709298294.9689548,0.0, 0.0, 0.0]
Velocity: [1709298295.2154305,0.0, 0.0, 0.0]
Velocity: [1709298295.3659358,0.0, 0.0, 0.0]
Velocity: [1709298295.5843,0.0, 0.0, 0.0]
Velocity: [1709298295.7992299,0.0, 0.0, 0.0]
Velocity: [1709298296.008247,0.0, 0.0, 0.0]
Velocity: [1709298296.2529755,0.0, 0.0, 0.0]
Velocity: [1709298296.4323058,0.0, 0.0, 0.0]
Velocity: [1709298296.6432276,0.0, 0.0, 0.0]
Velocity: [1709298296.8789356,0.0, 0.0, 0.0]
Velocity: [1709298297.0791137,0.0, 0.0, 0.0]
Velocity: [1709298297.2771282,0.0, 0.0, 0.0]
Velocity: [1709298297.3900566,0.0, 0.0, 2.0]
Velocity: [1709298297.3941717,0.0, 0.0, 2.0]
Velocity: [1709298297.4042013,0.0, 0.0, 2.0]
Velocity: [1709298297.4442055,0.0, 0.0, 2.0]
Velocity: [1709298297.4875994,0.0, 0.0, 2.0]
Velocity: [1709298297.5318346,0.0, 0.0, 2.0]
Velocity: [1709298297.55415,0.0, 0.0, 2.0]
Velocity: [1709298297.591121,0.0, 0.0, 2.0]
Velocity: [1709298297.6176918,0.0, 0.0, 2.0]
Velocity: [1709298297.6461349,0.0, 0.0, 2.0]
Velocity: [1709298297.6799479,0.0, 0.0, 2.0]
Velocity: [1709298297.7147353,0.0, 0.0, 2.0]
Velocity: [1709298297.7436075,0.0, 0.0, 2.0]
Velocity: [1709298297.7730803,0.0, 0.0, 2.0]
Velocity: [1709298297.8175945,0.0, 0.0, 2.0]
Velocity: [1709298297.8406348,0.0, 0.0, 2.0]
Velocity: [1709298297.8731291,0.0, 0.0, 2.0]
Velocity: [1709298297.9132948,0.0, 0.0, 2.0]
Velocity: [1709298297.9439442,0.0, 0.0, 2.0]
Velocity: [1709298297.9773436,0.0, 0.0, 2.0]
Velocity: [1709298298.0136871,0.0, 0.0, 2.0]
Velocity: [1709298298.0392227,0.0, 0.0, 2.0]
Velocity: [1709298298.0667076,0.0, 0.0, 2.0]
Velocity: [1709298298.0965035,0.0, 0.0, 2.0]
Velocity: [1709298298.1303601,0.0, 0.0, 2.0]
Velocity: [1709298298.1623456,0.0, 0.0, 2.0]
Velocity: [1709298298.202796,0.0, 0.0, 2.0]
Velocity: [1709298298.2323422,0.0, 0.0, 2.0]
Velocity: [1709298298.274077,0.0, 0.0, 2.0]
Velocity: [1709298298.2990232,0.0, 0.0, 2.0]
Velocity: [1709298298.333368,0.0, 0.0, 2.0]
Velocity: [1709298298.362443,0.0, 0.0, 2.0]
Velocity: [1709298298.3948007,0.0, 0.0, 2.0]
Velocity: [1709298298.474688,0.0, 0.0, 2.0]
Velocity: [1709298298.501206,0.0, 0.0, 2.0]
Velocity: [1709298298.5289903,0.0, 0.0, 2.0]
Velocity: [1709298298.5652595,0.0, 0.0, 2.0]
Velocity: [1709298298.584795,0.0, 0.0, 0.0]
Velocity: [1709298298.8010364,0.0, 0.0, 0.0]
Velocity: [1709298299.00658,0.0, 0.0, 0.0]
Velocity: [1709298299.2228806,0.0, 0.0, 0.0]
Velocity: [1709298299.441324,0.0, 0.0, 0.0]
Velocity: [1709298299.867807,0.0, 0.0, 0.0]
Velocity: [1709298300.0731208,0.0, 0.0, 0.0]
Velocity: [1709298300.2932334,0.0, 0.0, 0.0]
Velocity: [1709298300.458841,0.0, 0.0, 0.0]
Velocity: [1709298300.6871774,0.0, 0.0, 0.0]
Velocity: [1709298300.8820374,0.0, 0.0, 0.0]
Velocity: [1709298301.0137837,1.5, 0.0, 0.0]
Velocity: [1709298301.0141199,1.5, 0.0, 0.0]
Velocity: [1709298301.0169492,1.5, 0.0, 0.0]
Velocity: [1709298301.046334,1.5, 0.0, 0.0]
Velocity: [1709298301.076967,1.5, 0.0, 0.0]
Velocity: [1709298301.110078,1.5, 0.0, 0.0]
Velocity: [1709298301.1408346,1.5, 0.0, 0.0]
Velocity: [1709298301.1740234,1.5, 0.0, 0.0]
Velocity: [1709298301.208349,1.5, 0.0, 0.0]
Velocity: [1709298301.2384546,1.5, 0.0, 0.0]
Velocity: [1709298301.2901597,1.5, 0.0, 0.0]
Velocity: [1709298301.3159335,1.5, 0.0, 0.0]
Velocity: [1709298301.3418248,1.5, 0.0, 0.0]
Velocity: [1709298301.372194,1.5, 0.0, 0.0]
Velocity: [1709298301.4046361,1.5, 0.0, 0.0]
Velocity: [1709298301.4386358,1.5, 0.0, 0.0]
Velocity: [1709298301.4672928,1.5, 0.0, 0.0]
Velocity: [1709298301.5203462,1.5, 0.0, 0.0]
Velocity: [1709298301.5490763,1.5, 0.0, 0.0]
Velocity: [1709298301.5843558,1.5, 0.0, 0.0]
Velocity: [1709298301.6132662,1.5, 0.0, 0.0]
Velocity: [1709298301.6536705,1.5, 0.0, 0.0]
Velocity: [1709298301.6816292,1.5, 0.0, 0.0]
Velocity: [1709298301.717462,1.5, 0.0, 0.0]
Velocity: [1709298301.7504659,1.5, 0.0, 0.0]
Velocity: [1709298301.7821014,1.5, 0.0, 0.0]
Velocity: [1709298301.8075397,1.5, 0.0, 0.0]
Velocity: [1709298301.8444557,1.5, 0.0, 0.0]
Velocity: [1709298301.876617,1.5, 0.0, 0.0]
Velocity: [1709298301.9083824,1.5, 0.0, 0.0]
Velocity: [1709298301.9547641,1.5, 0.0, 0.0]
Velocity: [1709298301.9722145,1.5, 0.0, 0.0]
Velocity: [1709298302.0038228,1.5, 0.0, 0.0]
Velocity: [1709298302.0433898,1.5, 0.0, 0.0]
Velocity: [1709298302.073733,1.5, 0.0, 0.0]
Velocity: [1709298302.1001284,1.5, 0.0, 0.0]
Velocity: [1709298302.1313205,1.5, 0.0, 0.0]
Velocity: [1709298302.1674988,1.5, 0.0, 0.0]
Velocity: [1709298302.2037673,1.5, 0.0, 0.0]
Velocity: [1709298302.230894,1.5, 0.0, 0.0]
Velocity: [1709298302.2634323,1.5, 0.0, 0.0]
Velocity: [1709298302.2955317,1.5, 0.0, 0.0]
Velocity: [1709298302.3303657,1.5, 0.0, 0.0]
Velocity: [1709298302.360296,1.5, 0.0, 0.0]
Velocity: [1709298302.4003856,1.5, 0.0, 0.0]
Velocity: [1709298302.4292681,1.5, 0.0, 0.0]
Velocity: [1709298302.4554021,1.5, 0.0, 0.0]
Velocity: [1709298302.5139732,1.5, 0.0, 0.0]
Velocity: [1709298302.5404406,1.5, 0.0, 0.0]
Velocity: [1709298302.5687833,1.5, 0.0, 0.0]
Velocity: [1709298302.6105378,1.5, 0.0, 0.0]
Velocity: [1709298302.6506696,1.5, 0.0, 0.0]
Velocity: [1709298302.6815343,1.5, 0.0, 0.0]
Velocity: [1709298302.7100196,1.5, 0.0, 0.0]
Velocity: [1709298302.7397568,1.5, 0.0, 0.0]
Velocity: [1709298302.7815058,1.5, 0.0, 0.0]
Velocity: [1709298302.8042963,1.5, 0.0, 0.0]
Velocity: [1709298302.8444865,1.5, 0.0, 0.0]
Velocity: [1709298302.8687508,1.5, 0.0, 0.0]
Velocity: [1709298302.8955426,1.5, 0.0, 0.0]
Velocity: [1709298302.9334059,1.5, 0.0, 0.0]
Velocity: [1709298302.9567142,1.5, 0.0, 0.0]
Velocity: [1709298302.990437,1.5, 0.0, 0.0]
Velocity: [1709298303.0296,1.5, 0.0, 0.0]
Velocity: [1709298303.0603282,1.5, 0.0, 0.0]
Velocity: [1709298303.0862677,1.5, 0.0, 0.0]
Velocity: [1709298303.1171956,1.5, 0.0, 0.0]
Velocity: [1709298303.1522205,1.5, 0.0, 0.0]
Velocity: [1709298303.1918602,1.5, 0.0, 0.0]
Velocity: [1709298303.2208872,1.5, 0.0, 0.0]
Velocity: [1709298303.255953,1.5, 0.0, 0.0]
Velocity: [1709298303.293012,1.5, 0.0, 0.0]
Velocity: [1709298303.3242946,1.5, 0.0, 0.0]
Velocity: [1709298303.3517478,1.5, 0.0, 0.0]
Velocity: [1709298303.389397,1.5, 0.0, 0.0]
Velocity: [1709298303.41294,1.5, 0.0, 0.0]
Velocity: [1709298303.4415703,1.5, 0.0, 0.0]
Velocity: [1709298303.4749234,1.5, 0.0, 0.0]
Velocity: [1709298303.5188532,1.5, 0.0, 0.0]
Velocity: [1709298303.5437565,1.5, 0.0, 0.0]
Velocity: [1709298303.5814207,1.5, 0.0, 0.0]
Velocity: [1709298303.6134112,1.5, 0.0, 0.0]
Velocity: [1709298303.648626,1.5, 0.0, 0.0]
Velocity: [1709298303.686075,1.5, 0.0, 0.0]
Velocity: [1709298303.709482,1.5, 0.0, 0.0]
Velocity: [1709298303.7518313,1.5, 0.0, 0.0]
Velocity: [1709298303.781861,1.5, 0.0, 0.0]
Velocity: [1709298303.825088,1.5, 0.0, 0.0]
Velocity: [1709298303.8549705,1.5, 0.0, 0.0]
Velocity: [1709298303.886805,1.5, 0.0, 0.0]
Velocity: [1709298303.9245458,1.5, 0.0, 0.0]
Velocity: [1709298303.9605782,1.5, 0.0, 0.0]
Velocity: [1709298303.98951,1.5, 0.0, 0.0]
Velocity: [1709298304.0292366,1.5, 0.0, 0.0]
Velocity: [1709298304.0660372,1.5, 0.0, 0.0]
Velocity: [1709298304.0941513,1.5, 0.0, 0.0]
Velocity: [1709298304.123952,1.5, 0.0, 0.0]
Velocity: [1709298304.1543765,1.5, 0.0, 0.0]
Velocity: [1709298304.195021,1.5, 0.0, 0.0]
Velocity: [1709298304.3546507,1.5, 0.0, 0.0]
Velocity: [1709298304.3550034,1.5, 0.0, 0.0]
Velocity: [1709298304.3551807,1.5, 0.0, 0.0]
Velocity: [1709298304.3553543,1.5, 0.0, 0.0]
Velocity: [1709298304.3555236,1.5, 0.0, 0.0]
Velocity: [1709298304.399575,1.5, 0.0, 0.0]
Velocity: [1709298304.4471161,1.5, 0.0, 0.0]
Velocity: [1709298304.4659162,1.5, 0.0, 0.0]
Velocity: [1709298304.497243,1.5, 0.0, 0.0]
Velocity: [1709298304.5507426,1.5, 0.0, 0.0]
Velocity: [1709298304.5808606,1.5, 0.0, 0.0]
Velocity: [1709298304.6148698,1.5, 0.0, 0.0]
Velocity: [1709298304.648093,1.5, 0.0, 0.0]
Velocity: [1709298304.67903,1.5, 0.0, 0.0]
Velocity: [1709298304.717703,1.5, 0.0, 0.0]
Velocity: [1709298304.7458472,1.5, 0.0, 0.0]
Velocity: [1709298304.7736046,1.5, 0.0, 0.0]
Velocity: [1709298304.8078535,1.5, 0.0, 0.0]
Velocity: [1709298304.8440917,1.5, 0.0, 0.0]
Velocity: [1709298304.8687248,1.5, 0.0, 0.0]
Velocity: [1709298304.9015422,1.5, 0.0, 0.0]
Velocity: [1709298304.9333146,1.5, 0.0, 0.0]
Velocity: [1709298304.9627502,1.5, 0.0, 0.0]
Velocity: [1709298304.9991796,1.5, 0.0, 0.0]
Velocity: [1709298305.0271485,1.5, 0.0, 0.0]
Velocity: [1709298305.0668216,1.5, 0.0, 0.0]
Velocity: [1709298305.0923285,1.5, 0.0, 0.0]
Velocity: [1709298305.1252847,1.5, 0.0, 0.0]
Velocity: [1709298305.157637,1.5, 0.0, 0.0]
Velocity: [1709298305.187148,1.5, 0.0, 0.0]
Velocity: [1709298305.2205827,1.5, 0.0, 0.0]
Velocity: [1709298305.2610116,1.5, 0.0, 0.0]
Velocity: [1709298305.2906406,1.5, 0.0, 0.0]
Velocity: [1709298305.3269362,1.5, 0.0, 0.0]
Velocity: [1709298305.3608766,1.5, 0.0, 0.0]
Velocity: [1709298305.398716,1.5, 0.0, 0.0]
Velocity: [1709298305.4293456,1.5, 0.0, 0.0]
Velocity: [1709298305.4557633,1.5, 0.0, 0.0]
Velocity: [1709298305.4866061,1.5, 0.0, 0.0]
Velocity: [1709298305.518948,1.5, 0.0, 0.0]
Velocity: [1709298305.5569048,1.5, 0.0, 0.0]
Velocity: [1709298305.5810668,1.5, 0.0, 0.0]
Velocity: [1709298305.612506,1.5, 0.0, 0.0]
Velocity: [1709298305.6472573,1.5, 0.0, 0.0]
Velocity: [1709298305.6765857,1.5, 0.0, 0.0]
Velocity: [1709298305.7119532,1.5, 0.0, 0.0]
Velocity: [1709298305.7441928,1.5, 0.0, 0.0]
Velocity: [1709298305.7825313,1.5, 0.0, 0.0]
Velocity: [1709298305.8126605,1.5, 0.0, 0.0]
Velocity: [1709298305.8427804,1.5, 0.0, 0.0]
Velocity: [1709298305.8675463,1.5, 0.0, 0.0]
Velocity: [1709298305.9085948,1.5, 0.0, 0.0]
Velocity: [1709298305.936313,1.5, 0.0, 0.0]
Velocity: [1709298305.9712844,1.5, 0.0, 0.0]
Velocity: [1709298305.9971766,1.5, 0.0, 0.0]
Velocity: [1709298306.0310326,1.5, 0.0, 0.0]
Velocity: [1709298306.0727675,1.5, 0.0, 0.0]
Velocity: [1709298306.1037,1.5, 0.0, 0.0]
Velocity: [1709298306.1492121,1.5, 0.0, 0.0]
Velocity: [1709298306.1829438,1.5, 0.0, 0.0]
Velocity: [1709298306.2154276,1.5, 0.0, 0.0]
Velocity: [1709298306.2562368,1.5, 0.0, 0.0]
Velocity: [1709298306.2926764,1.5, 0.0, 0.0]
Velocity: [1709298306.316044,1.5, 0.0, 0.0]
Velocity: [1709298306.3460083,1.5, 0.0, 0.0]
Velocity: [1709298306.3760595,1.5, 0.0, 0.0]
Velocity: [1709298306.3969886,0.0, 0.0, 0.0]
Velocity: [1709298306.636763,0.0, 0.0, 0.0]
Velocity: [1709298306.8308709,0.0, 0.0, 0.0]
Velocity: [1709298306.9962058,0.0, 0.0, 0.0]
Velocity: [1709298307.1879337,0.0, 0.0, 0.0]
Velocity: [1709298307.401575,0.0, 0.0, 0.0]
Velocity: [1709298307.5997765,0.0, 0.0, 0.0]
Velocity: [1709298307.844069,0.0, 0.0, 0.0]
Velocity: [1709298307.9934137,0.0, 0.0, 0.0]
Velocity: [1709298308.1838207,0.0, 0.0, 0.0]
Velocity: [1709298308.4079797,0.0, 0.0, 0.0]
Velocity: [1709298308.5954747,0.0, 0.0, 0.0]
Velocity: [1709298308.8045728,0.0, 0.0, 0.0]
Velocity: [1709298309.0097132,0.0, 0.0, 0.0]
Velocity: [1709298309.4228196,0.0, 0.0, 0.0]
Velocity: [1709298309.576212,0.0, 0.0, 0.0]
Velocity: [1709298309.8016796,0.0, 0.0, 0.0]
Velocity: [1709298310.0140872,0.0, 0.0, 0.0]
Velocity: [1709298310.229059,0.0, 0.0, 0.0]
Velocity: [1709298310.4374201,0.0, 0.0, 0.0]
Velocity: [1709298310.6480765,0.0, 0.0, 0.0]
Velocity: [1709298310.8505428,0.0, 0.0, 0.0]
Velocity: [1709298311.045198,0.0, 0.0, 0.0]
Velocity: [1709298311.249369,0.0, 0.0, 0.0]
Velocity: [1709298311.4636362,0.0, 0.0, 0.0]
Velocity: [1709298311.6846042,0.0, 0.0, 0.0]
Velocity: [1709298311.8765705,0.0, 0.0, 0.0]
Velocity: [1709298312.1755757,0.0, 0.0, 0.0]
Velocity: [1709298312.3182523,0.0, 0.0, 0.0]
Velocity: [1709298312.6452198,0.0, 0.0, 0.0]
Velocity: [1709298312.8528078,0.0, 0.0, 0.0]
Velocity: [1709298313.057041,0.0, 0.0, 0.0]
Velocity: [1709298313.2505844,0.0, 0.0, 0.0]
Velocity: [1709298313.4420702,0.0, 0.0, 0.0]
Velocity: [1709298313.7979548,0.0, 0.0, 0.0]
Velocity: [1709298313.989816,0.0, 0.0, 0.0]
Velocity: [1709298314.193201,0.0, 0.0, 0.0]
Velocity: [1709298314.3767734,0.0, 0.0, 0.0]
Velocity: [1709298314.5656679,0.0, 0.0, 0.0]
Velocity: [1709298314.7518833,0.0, 0.0, 0.0]
Velocity: [1709298314.9422865,0.0, 0.0, 0.0]
Velocity: [1709298315.133874,0.0, 0.0, 0.0]
Velocity: [1709298315.3215878,0.0, 0.0, 0.0]
