Velocity: [1709282153.3803287,1.5, 0.0, 0.0]
Velocity: [1709282153.868929,1.5, 0.0, 0.0]
Velocity: [1709282153.916384,1.5, 0.0, 0.0]
Velocity: [1709282153.948112,1.5, 0.0, 0.0]
Velocity: [1709282153.976468,1.5, 0.0, 0.0]
Velocity: [1709282154.0060892,1.5, 0.0, 0.0]
Velocity: [1709282154.038827,1.5, 0.0, 0.0]
Velocity: [1709282154.07648,1.5, 0.0, 0.0]
Velocity: [1709282154.107585,1.5, 0.0, 0.0]
Velocity: [1709282154.143765,1.5, 0.0, 0.0]
Velocity: [1709282154.17165,1.5, 0.0, 0.0]
Velocity: [1709282154.2001715,1.5, 0.0, 0.0]
Velocity: [1709282154.2339644,1.5, 0.0, 0.0]
Velocity: [1709282154.264553,1.5, 0.0, 0.0]
Velocity: [1709282154.2971754,1.5, 0.0, 0.0]
Velocity: [1709282154.3345504,1.5, 0.0, 0.0]
Velocity: [1709282154.3700986,1.5, 0.0, 0.0]
Velocity: [1709282154.4343462,1.5, 0.0, 0.0]
Velocity: [1709282154.462892,1.5, 0.0, 0.0]
Velocity: [1709282154.4892375,1.5, 0.0, 0.0]
Velocity: [1709282154.531478,1.5, 0.0, 0.0]
Velocity: [1709282154.5478497,1.5, 0.0, 0.0]
Velocity: [1709282154.5810685,1.5, 0.0, 0.0]
Velocity: [1709282154.6176145,1.5, 0.0, 0.0]
Velocity: [1709282154.6410728,1.5, 0.0, 0.0]
Velocity: [1709282154.6759024,1.5, 0.0, 0.0]
Velocity: [1709282154.7122755,1.5, 0.0, 0.0]
Velocity: [1709282154.7530189,1.5, 0.0, 0.0]
Velocity: [1709282154.7753727,1.5, 0.0, 0.0]
Velocity: [1709282154.801643,1.5, 0.0, 0.0]
Velocity: [1709282154.841974,1.5, 0.0, 0.0]
Velocity: [1709282154.873436,1.5, 0.0, 0.0]
Velocity: [1709282154.9109771,1.5, 0.0, 0.0]
Velocity: [1709282154.9375563,1.5, 0.0, 0.0]
Velocity: [1709282154.9662247,1.5, 0.0, 0.0]
Velocity: [1709282155.0057805,1.5, 0.0, 0.0]
Velocity: [1709282155.0549204,1.5, 0.0, 0.0]
Velocity: [1709282155.0839257,1.5, 0.0, 0.0]
Velocity: [1709282155.1114762,1.5, 0.0, 0.0]
Velocity: [1709282155.1389198,1.5, 0.0, 0.0]
Velocity: [1709282155.1764321,1.5, 0.0, 0.0]
Velocity: [1709282155.210714,1.5, 0.0, 0.0]
Velocity: [1709282155.2371,1.5, 0.0, 0.0]
Velocity: [1709282155.2732382,1.5, 0.0, 0.0]
Velocity: [1709282155.3086257,1.5, 0.0, 0.0]
Velocity: [1709282155.3450155,1.5, 0.0, 0.0]
Velocity: [1709282155.3841486,1.5, 0.0, 0.0]
Velocity: [1709282155.4059896,1.5, 0.0, 0.0]
Velocity: [1709282155.4390774,1.5, 0.0, 0.0]
Velocity: [1709282155.4794676,1.5, 0.0, 0.0]
Velocity: [1709282155.5004153,1.5, 0.0, 0.0]
Velocity: [1709282155.5397413,1.5, 0.0, 0.0]
Velocity: [1709282155.5647428,1.5, 0.0, 0.0]
Velocity: [1709282155.615554,1.5, 0.0, 0.0]
Velocity: [1709282155.6374826,1.5, 0.0, 0.0]
Velocity: [1709282155.7148826,1.5, 0.0, 0.0]
Velocity: [1709282155.7444081,1.5, 0.0, 0.0]
Velocity: [1709282155.782964,1.5, 0.0, 0.0]
Velocity: [1709282155.8174796,1.5, 0.0, 0.0]
Velocity: [1709282155.8583047,1.5, 0.0, 0.0]
Velocity: [1709282155.8799872,1.5, 0.0, 0.0]
Velocity: [1709282155.9154375,1.5, 0.0, 0.0]
Velocity: [1709282155.9447138,1.5, 0.0, 0.0]
Velocity: [1709282155.9804704,1.5, 0.0, 0.0]
Velocity: [1709282156.0142136,1.5, 0.0, 0.0]
Velocity: [1709282156.0400784,1.5, 0.0, 0.0]
Velocity: [1709282156.0747554,1.5, 0.0, 0.0]
Velocity: [1709282156.1044583,1.5, 0.0, 0.0]
Velocity: [1709282156.1360893,1.5, 0.0, 0.0]
Velocity: [1709282156.17591,1.5, 0.0, 0.0]
Velocity: [1709282156.204031,1.5, 0.0, 0.0]
Velocity: [1709282156.229571,1.5, 0.0, 0.0]
Velocity: [1709282156.2609332,1.5, 0.0, 0.0]
Velocity: [1709282156.3070476,1.5, 0.0, 0.0]
Velocity: [1709282156.3336515,1.5, 0.0, 0.0]
Velocity: [1709282156.369726,1.5, 0.0, 0.0]
Velocity: [1709282156.4001932,1.5, 0.0, 0.0]
Velocity: [1709282156.4311922,1.5, 0.0, 0.0]
Velocity: [1709282156.4669666,1.5, 0.0, 0.0]
Velocity: [1709282156.5014985,1.5, 0.0, 0.0]
Velocity: [1709282156.5478182,1.5, 0.0, 0.0]
Velocity: [1709282156.567029,1.5, 0.0, 0.0]
Velocity: [1709282156.5978434,1.5, 0.0, 0.0]
Velocity: [1709282156.6300275,1.5, 0.0, 0.0]
Velocity: [1709282156.7741225,1.5, 0.0, 0.0]
Velocity: [1709282156.7745168,1.5, 0.0, 0.0]
Velocity: [1709282156.7747023,1.5, 0.0, 0.0]
Velocity: [1709282156.7748804,1.5, 0.0, 0.0]
Velocity: [1709282156.8105707,1.5, 0.0, 0.0]
Velocity: [1709282156.8263998,1.5, 0.0, 0.0]
Velocity: [1709282156.8650856,1.5, 0.0, 0.0]
Velocity: [1709282156.9067295,1.5, 0.0, 0.0]
Velocity: [1709282156.9336898,1.5, 0.0, 0.0]
Velocity: [1709282156.971437,1.5, 0.0, 0.0]
Velocity: [1709282156.9940326,1.5, 0.0, 0.0]
Velocity: [1709282157.0272272,1.5, 0.0, 0.0]
Velocity: [1709282157.0584633,1.5, 0.0, 0.0]
Velocity: [1709282157.0926244,1.5, 0.0, 0.0]
Velocity: [1709282157.1594925,1.5, 0.0, 0.0]
Velocity: [1709282157.1786103,1.5, 0.0, 0.0]
Velocity: [1709282157.2023988,1.5, 0.0, 0.0]
Velocity: [1709282157.2330673,1.5, 0.0, 0.0]
Velocity: [1709282157.2637348,1.5, 0.0, 0.0]
Velocity: [1709282157.2973733,1.5, 0.0, 0.0]
Velocity: [1709282157.3417706,1.5, 0.0, 0.0]
Velocity: [1709282157.3719983,1.5, 0.0, 0.0]
Velocity: [1709282157.4107857,1.5, 0.0, 0.0]
Velocity: [1709282157.4357877,1.5, 0.0, 0.0]
Velocity: [1709282157.471722,1.5, 0.0, 0.0]
Velocity: [1709282157.4989738,1.5, 0.0, 0.0]
Velocity: [1709282157.5247166,1.5, 0.0, 0.0]
Velocity: [1709282157.565119,1.5, 0.0, 0.0]
Velocity: [1709282157.6038942,1.5, 0.0, 0.0]
Velocity: [1709282157.6355386,1.5, 0.0, 0.0]
Velocity: [1709282157.6788075,1.5, 0.0, 0.0]
Velocity: [1709282157.7114472,1.5, 0.0, 0.0]
Velocity: [1709282157.7375517,1.5, 0.0, 0.0]
Velocity: [1709282157.7788084,1.5, 0.0, 0.0]
Velocity: [1709282157.8027456,1.5, 0.0, 0.0]
Velocity: [1709282157.8352127,1.5, 0.0, 0.0]
Velocity: [1709282157.875829,1.5, 0.0, 0.0]
Velocity: [1709282157.912608,1.5, 0.0, 0.0]
Velocity: [1709282157.9433916,1.5, 0.0, 0.0]
Velocity: [1709282157.9984617,1.5, 0.0, 0.0]
Velocity: [1709282158.0204642,1.5, 0.0, 0.0]
Velocity: [1709282158.052792,1.5, 0.0, 0.0]
Velocity: [1709282158.0794516,1.5, 0.0, 0.0]
Velocity: [1709282158.1127276,1.5, 0.0, 0.0]
Velocity: [1709282158.1504345,1.5, 0.0, 0.0]
Velocity: [1709282158.1798282,1.5, 0.0, 0.0]
Velocity: [1709282158.2029247,1.5, 0.0, 0.0]
Velocity: [1709282158.2356758,1.5, 0.0, 0.0]
Velocity: [1709282158.2692397,1.5, 0.0, 0.0]
Velocity: [1709282158.2992446,1.5, 0.0, 0.0]
Velocity: [1709282158.3441794,1.5, 0.0, 0.0]
Velocity: [1709282158.3684943,1.5, 0.0, 0.0]
Velocity: [1709282158.4070084,1.5, 0.0, 0.0]
Velocity: [1709282158.441111,1.5, 0.0, 0.0]
Velocity: [1709282158.4703686,1.5, 0.0, 0.0]
Velocity: [1709282158.5060158,1.5, 0.0, 0.0]
Velocity: [1709282158.5469525,1.5, 0.0, 0.0]
Velocity: [1709282158.5757535,1.5, 0.0, 0.0]
Velocity: [1709282158.6117294,1.5, 0.0, 0.0]
Velocity: [1709282158.6391544,1.5, 0.0, 0.0]
Velocity: [1709282158.6717434,1.5, 0.0, 0.0]
Velocity: [1709282158.7043266,1.5, 0.0, 0.0]
Velocity: [1709282158.7357287,1.5, 0.0, 0.0]
Velocity: [1709282158.7720857,1.5, 0.0, 0.0]
Velocity: [1709282158.8081076,1.5, 0.0, 0.0]
Velocity: [1709282158.8353765,1.5, 0.0, 0.0]
Velocity: [1709282158.8649487,1.5, 0.0, 0.0]
Velocity: [1709282158.8973558,1.5, 0.0, 0.0]
Velocity: [1709282158.9538777,1.5, 0.0, 0.0]
Velocity: [1709282158.9936113,1.5, 0.0, 0.0]
Velocity: [1709282159.0330088,1.5, 0.0, 0.0]
Velocity: [1709282159.0553641,1.5, 0.0, 0.0]
Velocity: [1709282159.0870295,1.5, 0.0, 0.0]
Velocity: [1709282159.1153119,1.5, 0.0, 0.0]
Velocity: [1709282159.1472461,1.5, 0.0, 0.0]
Velocity: [1709282159.179991,1.5, 0.0, 0.0]
Velocity: [1709282159.2128513,1.5, 0.0, 0.0]
Velocity: [1709282159.2420068,1.5, 0.0, 0.0]
Velocity: [1709282159.272884,1.5, 0.0, 0.0]
Velocity: [1709282159.3034546,1.5, 0.0, 0.0]
Velocity: [1709282159.330746,1.5, 0.0, 0.0]
Velocity: [1709282159.3626788,1.5, 0.0, 0.0]
Velocity: [1709282159.3991032,1.5, 0.0, 0.0]
Velocity: [1709282159.4325223,1.5, 0.0, 0.0]
Velocity: [1709282159.479968,1.5, 0.0, 0.0]
Velocity: [1709282159.514966,1.5, 0.0, 0.0]
Velocity: [1709282159.5510921,1.5, 0.0, 0.0]
Velocity: [1709282159.58235,1.5, 0.0, 0.0]
Velocity: [1709282159.602211,1.5, 0.0, 0.0]
Velocity: [1709282159.6485133,1.5, 0.0, 0.0]
Velocity: [1709282159.6914907,1.5, 0.0, 0.0]
Velocity: [1709282159.732255,1.5, 0.0, 0.0]
Velocity: [1709282159.7517133,1.5, 0.0, 0.0]
Velocity: [1709282159.8228037,1.5, 0.0, 0.0]
Velocity: [1709282159.8450532,1.5, 0.0, 0.0]
Velocity: [1709282159.879291,1.5, 0.0, 0.0]
Velocity: [1709282159.9115694,1.5, 0.0, 0.0]
Velocity: [1709282159.9472337,1.5, 0.0, 0.0]
Velocity: [1709282159.9862983,1.5, 0.0, 0.0]
Velocity: [1709282160.0098016,1.5, 0.0, 0.0]
Velocity: [1709282160.0450869,1.5, 0.0, 0.0]
Velocity: [1709282160.077867,1.5, 0.0, 0.0]
Velocity: [1709282160.1115592,1.5, 0.0, 0.0]
Velocity: [1709282160.1477182,1.5, 0.0, 0.0]
Velocity: [1709282160.169136,1.5, 0.0, 0.0]
Velocity: [1709282160.1985254,1.5, 0.0, 0.0]
Velocity: [1709282160.2317505,1.5, 0.0, 0.0]
Velocity: [1709282160.2671275,1.5, 0.0, 0.0]
Velocity: [1709282160.306428,1.5, 0.0, 0.0]
Velocity: [1709282160.335651,1.5, 0.0, 0.0]
Velocity: [1709282160.3763835,1.5, 0.0, 0.0]
Velocity: [1709282160.395796,1.5, 0.0, 0.0]
Velocity: [1709282160.4264572,1.5, 0.0, 0.0]
Velocity: [1709282160.457457,1.5, 0.0, 0.0]
Velocity: [1709282160.4954014,1.5, 0.0, 0.0]
Velocity: [1709282160.6930778,1.5, 0.0, 0.0]
Velocity: [1709282160.6934657,1.5, 0.0, 0.0]
Velocity: [1709282160.6937387,1.5, 0.0, 0.0]
Velocity: [1709282160.6939335,1.5, 0.0, 0.0]
Velocity: [1709282160.6941206,1.5, 0.0, 0.0]
Velocity: [1709282160.6943018,1.5, 0.0, 0.0]
Velocity: [1709282160.722316,1.5, 0.0, 0.0]
Velocity: [1709282160.7468293,1.5, 0.0, 0.0]
Velocity: [1709282160.7871654,1.5, 0.0, 0.0]
Velocity: [1709282160.8259742,1.5, 0.0, 0.0]
Velocity: [1709282160.8504524,1.5, 0.0, 0.0]
Velocity: [1709282160.8990445,1.5, 0.0, 0.0]
Velocity: [1709282160.927679,1.5, 0.0, 0.0]
Velocity: [1709282160.9488096,1.5, 0.0, 0.0]
Velocity: [1709282160.9893782,1.5, 0.0, 0.0]
Velocity: [1709282161.0237775,1.5, 0.0, 0.0]
Velocity: [1709282161.0575745,1.5, 0.0, 0.0]
Velocity: [1709282161.0846307,1.5, 0.0, 0.0]
Velocity: [1709282161.1081707,1.5, 0.0, 0.0]
Velocity: [1709282161.1674755,1.5, 0.0, 0.0]
Velocity: [1709282161.1901462,1.5, 0.0, 0.0]
Velocity: [1709282161.2219965,1.5, 0.0, 0.0]
Velocity: [1709282161.2578137,1.5, 0.0, 0.0]
Velocity: [1709282161.2801318,1.5, 0.0, 0.0]
Velocity: [1709282161.319327,1.5, 0.0, 0.0]
Velocity: [1709282161.3510847,1.5, 0.0, 0.0]
Velocity: [1709282161.3810863,1.5, 0.0, 0.0]
Velocity: [1709282161.4154954,1.5, 0.0, 0.0]
Velocity: [1709282161.442337,1.5, 0.0, 0.0]
Velocity: [1709282161.4755292,1.5, 0.0, 0.0]
Velocity: [1709282161.5073369,1.5, 0.0, 0.0]
Velocity: [1709282161.552383,1.5, 0.0, 0.0]
Velocity: [1709282161.577556,1.5, 0.0, 0.0]
Velocity: [1709282161.612057,1.5, 0.0, 0.0]
Velocity: [1709282161.6523824,1.5, 0.0, 0.0]
Velocity: [1709282161.670497,1.5, 0.0, 0.0]
Velocity: [1709282161.6997087,1.5, 0.0, 0.0]
Velocity: [1709282161.7345936,1.5, 0.0, 0.0]
Velocity: [1709282161.7624085,1.5, 0.0, 0.0]
Velocity: [1709282161.8121305,1.5, 0.0, 0.0]
Velocity: [1709282161.8395655,1.5, 0.0, 0.0]
Velocity: [1709282161.8830485,1.5, 0.0, 0.0]
Velocity: [1709282161.9199007,1.5, 0.0, 0.0]
Velocity: [1709282161.9508343,1.5, 0.0, 0.0]
Velocity: [1709282161.972642,1.5, 0.0, 0.0]
Velocity: [1709282162.0103073,1.5, 0.0, 0.0]
Velocity: [1709282162.045128,1.5, 0.0, 0.0]
Velocity: [1709282162.0754592,1.5, 0.0, 0.0]
Velocity: [1709282162.1339264,1.5, 0.0, 0.0]
Velocity: [1709282162.1517994,1.5, 0.0, 0.0]
Velocity: [1709282162.195973,1.5, 0.0, 0.0]
Velocity: [1709282162.237621,1.5, 0.0, 0.0]
Velocity: [1709282162.2669852,1.5, 0.0, 0.0]
Velocity: [1709282162.2833107,1.5, 0.0, 0.0]
Velocity: [1709282162.324768,1.5, 0.0, 0.0]
Velocity: [1709282162.351194,1.5, 0.0, 0.0]
Velocity: [1709282162.3811045,1.5, 0.0, 0.0]
Velocity: [1709282162.4144142,1.5, 0.0, 0.0]
Velocity: [1709282162.4482205,1.5, 0.0, 0.0]
Velocity: [1709282162.48459,1.5, 0.0, 0.0]
Velocity: [1709282162.552707,1.5, 0.0, 0.0]
Velocity: [1709282162.5665967,1.5, 0.0, 0.0]
Velocity: [1709282162.5902967,1.5, 0.0, 0.0]
Velocity: [1709282162.6216013,1.5, 0.0, 0.0]
Velocity: [1709282162.6557705,1.5, 0.0, 0.0]
Velocity: [1709282162.6936567,1.5, 0.0, 0.0]
Velocity: [1709282162.7266421,1.5, 0.0, 0.0]
Velocity: [1709282162.7532778,1.5, 0.0, 0.0]
Velocity: [1709282162.784974,1.5, 0.0, 0.0]
Velocity: [1709282162.818863,1.5, 0.0, 0.0]
Velocity: [1709282162.8452227,1.5, 0.0, 0.0]
Velocity: [1709282162.8832622,1.5, 0.0, 0.0]
Velocity: [1709282162.9112403,1.5, 0.0, 0.0]
Velocity: [1709282162.9451807,1.5, 0.0, 0.0]
Velocity: [1709282162.9770632,1.5, 0.0, 0.0]
Velocity: [1709282163.005043,1.5, 0.0, 0.0]
Velocity: [1709282163.0479279,1.5, 0.0, 0.0]
Velocity: [1709282163.0748236,1.5, 0.0, 0.0]
Velocity: [1709282163.1068347,1.5, 0.0, 0.0]
Velocity: [1709282163.1354368,1.5, 0.0, 0.0]
Velocity: [1709282163.1674721,1.5, 0.0, 0.0]
Velocity: [1709282163.2081544,1.5, 0.0, 0.0]
Velocity: [1709282163.248057,1.5, 0.0, 0.0]
Velocity: [1709282163.2713037,1.5, 0.0, 0.0]
Velocity: [1709282163.2977595,1.5, 0.0, 0.0]
Velocity: [1709282163.3282857,1.5, 0.0, 0.0]
Velocity: [1709282163.3610733,1.5, 0.0, 0.0]
Velocity: [1709282163.3952074,1.5, 0.0, 0.0]
Velocity: [1709282163.419021,1.5, 0.0, 0.0]
Velocity: [1709282163.4520335,1.5, 0.0, 0.0]
Velocity: [1709282163.4825141,1.5, 0.0, 0.0]
Velocity: [1709282163.5176065,1.5, 0.0, 0.0]
Velocity: [1709282163.5514288,1.5, 0.0, 0.0]
Velocity: [1709282163.5879333,1.5, 0.0, 0.0]
Velocity: [1709282163.6110222,1.5, 0.0, 0.0]
Velocity: [1709282163.6438792,1.5, 0.0, 0.0]
Velocity: [1709282163.6914217,1.5, 0.0, 0.0]
Velocity: [1709282163.725634,1.5, 0.0, 0.0]
Velocity: [1709282163.7458909,1.5, 0.0, 0.0]
Velocity: [1709282163.7778034,1.5, 0.0, 0.0]
Velocity: [1709282163.8238254,1.5, 0.0, 0.0]
Velocity: [1709282163.8510854,1.5, 0.0, 0.0]
Velocity: [1709282163.8861427,1.5, 0.0, 0.0]
Velocity: [1709282163.909405,1.5, 0.0, 0.0]
Velocity: [1709282163.9427922,1.5, 0.0, 0.0]
Velocity: [1709282163.9789777,1.5, 0.0, 0.0]
Velocity: [1709282164.0299795,1.5, 0.0, 0.0]
Velocity: [1709282164.0589695,1.5, 0.0, 0.0]
Velocity: [1709282164.0592382,0.0, 0.0, 0.0]
Velocity: [1709282164.2696936,0.0, 0.0, 0.0]
Velocity: [1709282164.506533,0.0, 0.0, 0.0]
Velocity: [1709282164.695863,0.0, 0.0, 0.0]
Velocity: [1709282164.9336498,0.0, 0.0, 0.0]
Velocity: [1709282165.1315637,0.0, 0.0, 0.0]
Velocity: [1709282165.454948,0.0, 0.0, 0.0]
Velocity: [1709282165.6530733,0.0, 0.0, 0.0]
Velocity: [1709282165.8486495,0.0, 0.0, 0.0]
Velocity: [1709282166.0581832,0.0, 0.0, 0.0]
Velocity: [1709282166.3033924,0.0, 0.0, 0.0]
Velocity: [1709282166.4489932,0.0, 0.0, 0.0]
Velocity: [1709282166.6817284,0.0, 0.0, 0.0]
Velocity: [1709282166.7825031,0.0, 0.0, 2.0]
Velocity: [1709282167.2758949,0.0, 0.0, 2.0]
Velocity: [1709282167.3030465,0.0, 0.0, 2.0]
Velocity: [1709282167.3332388,0.0, 0.0, 2.0]
Velocity: [1709282167.3635623,0.0, 0.0, 2.0]
Velocity: [1709282167.3989124,0.0, 0.0, 2.0]
Velocity: [1709282167.424828,0.0, 0.0, 2.0]
Velocity: [1709282167.456252,0.0, 0.0, 2.0]
Velocity: [1709282167.4832735,0.0, 0.0, 2.0]
Velocity: [1709282167.524693,0.0, 0.0, 2.0]
Velocity: [1709282167.5482838,0.0, 0.0, 2.0]
Velocity: [1709282167.578696,0.0, 0.0, 2.0]
Velocity: [1709282167.6216254,0.0, 0.0, 2.0]
Velocity: [1709282167.7160132,0.0, 0.0, 2.0]
Velocity: [1709282167.7163887,0.0, 0.0, 2.0]
Velocity: [1709282167.7473335,0.0, 0.0, 2.0]
Velocity: [1709282167.7831545,0.0, 0.0, 2.0]
Velocity: [1709282167.8130167,0.0, 0.0, 2.0]
Velocity: [1709282167.84588,0.0, 0.0, 2.0]
Velocity: [1709282167.8671174,0.0, 0.0, 2.0]
Velocity: [1709282167.9047186,0.0, 0.0, 2.0]
Velocity: [1709282167.9398205,0.0, 0.0, 2.0]
Velocity: [1709282167.9839547,0.0, 0.0, 2.0]
Velocity: [1709282168.0202136,0.0, 0.0, 2.0]
Velocity: [1709282168.0477242,0.0, 0.0, 2.0]
Velocity: [1709282168.0840514,0.0, 0.0, 2.0]
Velocity: [1709282168.1244686,0.0, 0.0, 2.0]
Velocity: [1709282168.1407037,0.0, 0.0, 2.0]
Velocity: [1709282168.1728594,0.0, 0.0, 2.0]
Velocity: [1709282168.2100165,0.0, 0.0, 2.0]
Velocity: [1709282168.2369945,0.0, 0.0, 2.0]
Velocity: [1709282168.268306,0.0, 0.0, 2.0]
Velocity: [1709282168.2992802,0.0, 0.0, 2.0]
Velocity: [1709282168.3372593,0.0, 0.0, 2.0]
Velocity: [1709282168.3804278,0.0, 0.0, 2.0]
Velocity: [1709282168.4092398,0.0, 0.0, 2.0]
Velocity: [1709282168.4487278,0.0, 0.0, 2.0]
Velocity: [1709282168.4962711,0.0, 0.0, 2.0]
Velocity: [1709282168.5456734,0.0, 0.0, 2.0]
Velocity: [1709282168.5579188,0.0, 0.0, 2.0]
Velocity: [1709282168.5922244,0.0, 0.0, 2.0]
Velocity: [1709282168.6362944,0.0, 0.0, 2.0]
Velocity: [1709282168.6591368,0.0, 0.0, 2.0]
Velocity: [1709282168.6854627,0.0, 0.0, 2.0]
Velocity: [1709282168.7138839,0.0, 0.0, 2.0]
Velocity: [1709282168.750144,0.0, 0.0, 2.0]
Velocity: [1709282168.78182,0.0, 0.0, 2.0]
Velocity: [1709282168.8122444,0.0, 0.0, 2.0]
Velocity: [1709282168.8494215,0.0, 0.0, 2.0]
Velocity: [1709282168.8952932,0.0, 0.0, 2.0]
Velocity: [1709282168.9309587,0.0, 0.0, 2.0]
Velocity: [1709282168.9547439,0.0, 0.0, 2.0]
Velocity: [1709282168.9845724,0.0, 0.0, 2.0]
Velocity: [1709282169.0166922,0.0, 0.0, 2.0]
Velocity: [1709282169.052194,0.0, 0.0, 2.0]
Velocity: [1709282169.086633,0.0, 0.0, 2.0]
Velocity: [1709282169.1126237,0.0, 0.0, 2.0]
Velocity: [1709282169.1517646,0.0, 0.0, 2.0]
Velocity: [1709282169.170215,0.0, 0.0, 2.0]
Velocity: [1709282169.2059727,0.0, 0.0, 2.0]
Velocity: [1709282169.2376943,0.0, 0.0, 2.0]
Velocity: [1709282169.2777169,0.0, 0.0, 2.0]
Velocity: [1709282169.3124783,0.0, 0.0, 2.0]
Velocity: [1709282169.3336105,0.0, 0.0, 2.0]
Velocity: [1709282169.36647,0.0, 0.0, 2.0]
Velocity: [1709282169.3982852,0.0, 0.0, 2.0]
Velocity: [1709282169.4439085,0.0, 0.0, 2.0]
Velocity: [1709282169.4697182,0.0, 0.0, 2.0]
Velocity: [1709282169.4947612,0.0, 0.0, 2.0]
Velocity: [1709282169.5244837,0.0, 0.0, 2.0]
Velocity: [1709282169.5574105,0.0, 0.0, 2.0]
Velocity: [1709282169.587789,0.0, 0.0, 2.0]
Velocity: [1709282169.6229393,0.0, 0.0, 2.0]
Velocity: [1709282169.6511202,0.0, 0.0, 2.0]
Velocity: [1709282169.685028,0.0, 0.0, 2.0]
Velocity: [1709282169.7227674,0.0, 0.0, 2.0]
Velocity: [1709282169.7482862,0.0, 0.0, 2.0]
Velocity: [1709282169.7825193,0.0, 0.0, 2.0]
Velocity: [1709282169.815899,0.0, 0.0, 2.0]
Velocity: [1709282169.8417444,0.0, 0.0, 2.0]
Velocity: [1709282169.8748338,0.0, 0.0, 2.0]
Velocity: [1709282169.9135668,0.0, 0.0, 2.0]
Velocity: [1709282169.9482522,0.0, 0.0, 2.0]
Velocity: [1709282169.9860518,0.0, 0.0, 2.0]
Velocity: [1709282170.0122476,0.0, 0.0, 2.0]
Velocity: [1709282170.0462928,0.0, 0.0, 2.0]
Velocity: [1709282170.0821834,0.0, 0.0, 2.0]
Velocity: [1709282170.1494956,0.0, 0.0, 2.0]
Velocity: [1709282170.1954737,0.0, 0.0, 2.0]
Velocity: [1709282170.2226238,0.0, 0.0, 2.0]
Velocity: [1709282170.2450793,0.0, 0.0, 2.0]
Velocity: [1709282170.2674987,0.0, 0.0, 2.0]
Velocity: [1709282170.30058,0.0, 0.0, 2.0]
Velocity: [1709282170.3309715,0.0, 0.0, 2.0]
Velocity: [1709282170.3641932,0.0, 0.0, 2.0]
Velocity: [1709282170.4077125,0.0, 0.0, 2.0]
Velocity: [1709282170.424364,0.0, 0.0, 2.0]
Velocity: [1709282170.4560683,0.0, 0.0, 2.0]
Velocity: [1709282170.488585,0.0, 0.0, 2.0]
Velocity: [1709282170.5188909,0.0, 0.0, 2.0]
Velocity: [1709282170.5591888,0.0, 0.0, 2.0]
Velocity: [1709282170.5801468,0.0, 0.0, 2.0]
Velocity: [1709282170.6170478,0.0, 0.0, 2.0]
Velocity: [1709282170.653381,0.0, 0.0, 2.0]
Velocity: [1709282170.6776547,0.0, 0.0, 2.0]
Velocity: [1709282170.7164178,0.0, 0.0, 2.0]
Velocity: [1709282170.745389,0.0, 0.0, 2.0]
Velocity: [1709282170.788411,0.0, 0.0, 2.0]
Velocity: [1709282170.80928,0.0, 0.0, 2.0]
Velocity: [1709282170.8405836,0.0, 0.0, 2.0]
Velocity: [1709282170.8894694,0.0, 0.0, 2.0]
Velocity: [1709282170.921741,0.0, 0.0, 2.0]
Velocity: [1709282170.951906,0.0, 0.0, 2.0]
Velocity: [1709282170.9695098,0.0, 0.0, 2.0]
Velocity: [1709282171.008446,0.0, 0.0, 2.0]
Velocity: [1709282171.0357351,0.0, 0.0, 2.0]
Velocity: [1709282171.0658674,0.0, 0.0, 2.0]
Velocity: [1709282171.0971982,0.0, 0.0, 2.0]
Velocity: [1709282171.146514,0.0, 0.0, 2.0]
Velocity: [1709282171.163157,0.0, 0.0, 2.0]
Velocity: [1709282171.2070947,0.0, 0.0, 2.0]
Velocity: [1709282171.2309391,0.0, 0.0, 2.0]
Velocity: [1709282171.2605526,0.0, 0.0, 2.0]
Velocity: [1709282171.29924,0.0, 0.0, 2.0]
Velocity: [1709282171.3236318,0.0, 0.0, 2.0]
Velocity: [1709282171.3567457,0.0, 0.0, 2.0]
Velocity: [1709282171.3947232,0.0, 0.0, 2.0]
Velocity: [1709282171.440756,0.0, 0.0, 2.0]
Velocity: [1709282171.6377037,0.0, 0.0, 2.0]
Velocity: [1709282171.6381319,0.0, 0.0, 2.0]
Velocity: [1709282171.6384149,0.0, 0.0, 2.0]
Velocity: [1709282171.6386073,0.0, 0.0, 2.0]
Velocity: [1709282171.6387935,0.0, 0.0, 2.0]
Velocity: [1709282171.638974,0.0, 0.0, 2.0]
Velocity: [1709282171.6632614,0.0, 0.0, 2.0]
Velocity: [1709282171.6959536,0.0, 0.0, 2.0]
Velocity: [1709282171.736392,0.0, 0.0, 2.0]
Velocity: [1709282171.762499,0.0, 0.0, 2.0]
Velocity: [1709282171.8023996,0.0, 0.0, 2.0]
Velocity: [1709282171.8262758,0.0, 0.0, 2.0]
Velocity: [1709282171.8664374,0.0, 0.0, 2.0]
Velocity: [1709282171.892057,0.0, 0.0, 2.0]
Velocity: [1709282171.9280472,0.0, 0.0, 2.0]
Velocity: [1709282171.9554396,0.0, 0.0, 2.0]
Velocity: [1709282171.9855838,0.0, 0.0, 2.0]
Velocity: [1709282172.0261211,0.0, 0.0, 2.0]
Velocity: [1709282172.0618987,0.0, 0.0, 2.0]
Velocity: [1709282172.090281,0.0, 0.0, 2.0]
Velocity: [1709282172.1190846,0.0, 0.0, 2.0]
Velocity: [1709282172.1459365,0.0, 0.0, 2.0]
Velocity: [1709282172.1866696,0.0, 0.0, 2.0]
Velocity: [1709282172.2066605,0.0, 0.0, 2.0]
Velocity: [1709282172.2382634,0.0, 0.0, 2.0]
Velocity: [1709282172.2775376,0.0, 0.0, 2.0]
Velocity: [1709282172.3163538,0.0, 0.0, 2.0]
Velocity: [1709282172.3564024,0.0, 0.0, 2.0]
Velocity: [1709282172.4109864,0.0, 0.0, 2.0]
Velocity: [1709282172.4388218,0.0, 0.0, 2.0]
Velocity: [1709282172.4767308,0.0, 0.0, 2.0]
Velocity: [1709282172.5104694,0.0, 0.0, 2.0]
Velocity: [1709282172.5418808,0.0, 0.0, 2.0]
Velocity: [1709282172.5748153,0.0, 0.0, 2.0]
Velocity: [1709282172.6151168,0.0, 0.0, 2.0]
Velocity: [1709282172.6388843,0.0, 0.0, 2.0]
Velocity: [1709282172.6893394,0.0, 0.0, 2.0]
Velocity: [1709282172.7204072,0.0, 0.0, 2.0]
Velocity: [1709282172.7464952,0.0, 0.0, 2.0]
Velocity: [1709282172.7760968,0.0, 0.0, 2.0]
Velocity: [1709282172.8079417,0.0, 0.0, 2.0]
Velocity: [1709282172.8400328,0.0, 0.0, 2.0]
Velocity: [1709282172.893847,0.0, 0.0, 2.0]
Velocity: [1709282172.9159439,0.0, 0.0, 2.0]
Velocity: [1709282172.9503317,0.0, 0.0, 2.0]
Velocity: [1709282173.0144107,0.0, 0.0, 2.0]
Velocity: [1709282173.0147111,0.0, 0.0, 0.0]
Velocity: [1709282173.172786,0.0, 0.0, 0.0]
Velocity: [1709282173.394974,0.0, 0.0, 0.0]
Velocity: [1709282173.6221159,0.0, 0.0, 0.0]
Velocity: [1709282173.70067,1.5, 0.0, 0.0]
Velocity: [1709282173.7010803,1.5, 0.0, 0.0]
Velocity: [1709282173.7244291,1.5, 0.0, 0.0]
Velocity: [1709282173.7657132,1.5, 0.0, 0.0]
Velocity: [1709282173.7958963,1.5, 0.0, 0.0]
Velocity: [1709282173.8270993,1.5, 0.0, 0.0]
Velocity: [1709282173.8533552,1.5, 0.0, 0.0]
Velocity: [1709282173.8951864,1.5, 0.0, 0.0]
Velocity: [1709282173.9310281,1.5, 0.0, 0.0]
Velocity: [1709282173.9484823,1.5, 0.0, 0.0]
Velocity: [1709282173.9844425,1.5, 0.0, 0.0]
Velocity: [1709282174.021468,1.5, 0.0, 0.0]
Velocity: [1709282174.0612738,1.5, 0.0, 0.0]
Velocity: [1709282174.0981236,1.5, 0.0, 0.0]
Velocity: [1709282174.1316338,1.5, 0.0, 0.0]
Velocity: [1709282174.1827803,1.5, 0.0, 0.0]
Velocity: [1709282174.2220523,1.5, 0.0, 0.0]
Velocity: [1709282174.2438383,1.5, 0.0, 0.0]
Velocity: [1709282174.2736049,1.5, 0.0, 0.0]
Velocity: [1709282174.3074954,1.5, 0.0, 0.0]
Velocity: [1709282174.3353856,1.5, 0.0, 0.0]
Velocity: [1709282174.3752363,1.5, 0.0, 0.0]
Velocity: [1709282174.3981087,1.5, 0.0, 0.0]
Velocity: [1709282174.429075,1.5, 0.0, 0.0]
Velocity: [1709282174.456921,1.5, 0.0, 0.0]
Velocity: [1709282174.4994726,1.5, 0.0, 0.0]
Velocity: [1709282174.524811,1.5, 0.0, 0.0]
Velocity: [1709282174.5590932,1.5, 0.0, 0.0]
Velocity: [1709282174.6077933,1.5, 0.0, 0.0]
Velocity: [1709282174.6440563,1.5, 0.0, 0.0]
Velocity: [1709282174.6816518,1.5, 0.0, 0.0]
Velocity: [1709282174.7050748,1.5, 0.0, 0.0]
Velocity: [1709282174.7441223,1.5, 0.0, 0.0]
Velocity: [1709282174.7814145,1.5, 0.0, 0.0]
Velocity: [1709282174.8509257,1.5, 0.0, 0.0]
Velocity: [1709282174.8746116,1.5, 0.0, 0.0]
Velocity: [1709282174.9085002,1.5, 0.0, 0.0]
Velocity: [1709282174.9489467,1.5, 0.0, 0.0]
Velocity: [1709282174.9699197,1.5, 0.0, 0.0]
Velocity: [1709282174.9958966,1.5, 0.0, 0.0]
Velocity: [1709282175.0263107,1.5, 0.0, 0.0]
Velocity: [1709282175.0741186,1.5, 0.0, 0.0]
Velocity: [1709282175.1016996,1.5, 0.0, 0.0]
Velocity: [1709282175.2394512,1.5, 0.0, 0.0]
Velocity: [1709282175.239992,1.5, 0.0, 0.0]
Velocity: [1709282175.2403584,1.5, 0.0, 0.0]
Velocity: [1709282175.2405605,1.5, 0.0, 0.0]
Velocity: [1709282175.2798188,1.5, 0.0, 0.0]
Velocity: [1709282175.290254,1.5, 0.0, 0.0]
Velocity: [1709282175.3227785,1.5, 0.0, 0.0]
Velocity: [1709282175.3638945,1.5, 0.0, 0.0]
Velocity: [1709282175.3876615,1.5, 0.0, 0.0]
Velocity: [1709282175.4250255,1.5, 0.0, 0.0]
Velocity: [1709282175.4644334,1.5, 0.0, 0.0]
Velocity: [1709282175.4960878,1.5, 0.0, 0.0]
Velocity: [1709282175.527145,1.5, 0.0, 0.0]
Velocity: [1709282175.555719,1.5, 0.0, 0.0]
Velocity: [1709282175.5866067,1.5, 0.0, 0.0]
Velocity: [1709282175.6152253,1.5, 0.0, 0.0]
Velocity: [1709282175.6490562,1.5, 0.0, 0.0]
Velocity: [1709282175.683678,1.5, 0.0, 0.0]
Velocity: [1709282175.72166,1.5, 0.0, 0.0]
Velocity: [1709282175.7427957,1.5, 0.0, 0.0]
Velocity: [1709282175.7738233,1.5, 0.0, 0.0]
Velocity: [1709282175.8095946,1.5, 0.0, 0.0]
Velocity: [1709282175.8406281,1.5, 0.0, 0.0]
Velocity: [1709282175.8757846,1.5, 0.0, 0.0]
Velocity: [1709282175.9112568,1.5, 0.0, 0.0]
Velocity: [1709282175.9457886,1.5, 0.0, 0.0]
Velocity: [1709282175.9719532,1.5, 0.0, 0.0]
Velocity: [1709282176.005953,1.5, 0.0, 0.0]
Velocity: [1709282176.0325816,1.5, 0.0, 0.0]
Velocity: [1709282176.1022105,1.5, 0.0, 0.0]
Velocity: [1709282176.1129982,1.5, 0.0, 0.0]
Velocity: [1709282176.1409905,1.5, 0.0, 0.0]
Velocity: [1709282176.1728187,1.5, 0.0, 0.0]
Velocity: [1709282176.2090888,1.5, 0.0, 0.0]
Velocity: [1709282176.2571123,1.5, 0.0, 0.0]
Velocity: [1709282176.2721565,1.5, 0.0, 0.0]
Velocity: [1709282176.3073328,1.5, 0.0, 0.0]
Velocity: [1709282176.3527591,1.5, 0.0, 0.0]
Velocity: [1709282176.378737,1.5, 0.0, 0.0]
Velocity: [1709282176.4221814,1.5, 0.0, 0.0]
Velocity: [1709282176.4416354,1.5, 0.0, 0.0]
Velocity: [1709282176.4721074,1.5, 0.0, 0.0]
Velocity: [1709282176.5019984,1.5, 0.0, 0.0]
Velocity: [1709282176.5312865,1.5, 0.0, 0.0]
Velocity: [1709282176.5671513,1.5, 0.0, 0.0]
Velocity: [1709282176.6066399,1.5, 0.0, 0.0]
Velocity: [1709282176.6282096,1.5, 0.0, 0.0]
Velocity: [1709282176.65794,1.5, 0.0, 0.0]
Velocity: [1709282176.7166588,1.5, 0.0, 0.0]
Velocity: [1709282176.7329082,1.5, 0.0, 0.0]
Velocity: [1709282176.7621722,1.5, 0.0, 0.0]
Velocity: [1709282176.796187,1.5, 0.0, 0.0]
Velocity: [1709282176.8300056,1.5, 0.0, 0.0]
Velocity: [1709282176.8667023,1.5, 0.0, 0.0]
Velocity: [1709282176.8910806,1.5, 0.0, 0.0]
Velocity: [1709282176.9309187,1.5, 0.0, 0.0]
Velocity: [1709282176.9539578,1.5, 0.0, 0.0]
Velocity: [1709282176.998917,1.5, 0.0, 0.0]
Velocity: [1709282177.028259,1.5, 0.0, 0.0]
Velocity: [1709282177.0656686,1.5, 0.0, 0.0]
Velocity: [1709282177.0900264,1.5, 0.0, 0.0]
Velocity: [1709282177.1279738,1.5, 0.0, 0.0]
Velocity: [1709282177.1561594,1.5, 0.0, 0.0]
Velocity: [1709282177.1850488,1.5, 0.0, 0.0]
Velocity: [1709282177.21307,1.5, 0.0, 0.0]
Velocity: [1709282177.2395642,1.5, 0.0, 0.0]
Velocity: [1709282177.2763655,1.5, 0.0, 0.0]
Velocity: [1709282177.3031251,1.5, 0.0, 0.0]
Velocity: [1709282177.3392699,1.5, 0.0, 0.0]
Velocity: [1709282177.3747072,1.5, 0.0, 0.0]
Velocity: [1709282177.4097664,1.5, 0.0, 0.0]
Velocity: [1709282177.4415429,1.5, 0.0, 0.0]
Velocity: [1709282177.4822373,1.5, 0.0, 0.0]
Velocity: [1709282177.5257528,1.5, 0.0, 0.0]
Velocity: [1709282177.5481794,1.5, 0.0, 0.0]
Velocity: [1709282177.5741355,1.5, 0.0, 0.0]
Velocity: [1709282177.6106772,1.5, 0.0, 0.0]
Velocity: [1709282177.6441164,1.5, 0.0, 0.0]
Velocity: [1709282177.6843796,1.5, 0.0, 0.0]
Velocity: [1709282177.707044,1.5, 0.0, 0.0]
Velocity: [1709282177.7402024,1.5, 0.0, 0.0]
Velocity: [1709282177.7814407,1.5, 0.0, 0.0]
Velocity: [1709282177.800456,1.5, 0.0, 0.0]
Velocity: [1709282177.8475862,1.5, 0.0, 0.0]
Velocity: [1709282177.8700976,1.5, 0.0, 0.0]
Velocity: [1709282177.8983626,1.5, 0.0, 0.0]
Velocity: [1709282177.9329767,1.5, 0.0, 0.0]
Velocity: [1709282177.965253,1.5, 0.0, 0.0]
Velocity: [1709282178.0084124,1.5, 0.0, 0.0]
Velocity: [1709282178.0436227,1.5, 0.0, 0.0]
Velocity: [1709282178.0652108,1.5, 0.0, 0.0]
Velocity: [1709282178.1078472,1.5, 0.0, 0.0]
Velocity: [1709282178.1430998,1.5, 0.0, 0.0]
Velocity: [1709282178.1685061,1.5, 0.0, 0.0]
Velocity: [1709282178.1976218,1.5, 0.0, 0.0]
Velocity: [1709282178.2288592,1.5, 0.0, 0.0]
Velocity: [1709282178.2801065,1.5, 0.0, 0.0]
Velocity: [1709282178.312506,1.5, 0.0, 0.0]
Velocity: [1709282178.3441558,1.5, 0.0, 0.0]
Velocity: [1709282178.3783207,1.5, 0.0, 0.0]
Velocity: [1709282178.410013,1.5, 0.0, 0.0]
Velocity: [1709282178.4537694,1.5, 0.0, 0.0]
Velocity: [1709282178.48482,1.5, 0.0, 0.0]
Velocity: [1709282178.514045,1.5, 0.0, 0.0]
Velocity: [1709282178.5389986,1.5, 0.0, 0.0]
Velocity: [1709282178.583907,1.5, 0.0, 0.0]
Velocity: [1709282178.6116714,1.5, 0.0, 0.0]
Velocity: [1709282178.6408808,1.5, 0.0, 0.0]
Velocity: [1709282178.678273,1.5, 0.0, 0.0]
Velocity: [1709282178.7057302,1.5, 0.0, 0.0]
Velocity: [1709282178.7440362,1.5, 0.0, 0.0]
Velocity: [1709282178.774019,1.5, 0.0, 0.0]
Velocity: [1709282178.8018284,1.5, 0.0, 0.0]
Velocity: [1709282178.839982,1.5, 0.0, 0.0]
Velocity: [1709282178.8750696,1.5, 0.0, 0.0]
Velocity: [1709282178.9002728,1.5, 0.0, 0.0]
Velocity: [1709282178.9432843,1.5, 0.0, 0.0]
Velocity: [1709282178.9713264,1.5, 0.0, 0.0]
Velocity: [1709282178.9939823,1.5, 0.0, 0.0]
Velocity: [1709282179.0253503,1.5, 0.0, 0.0]
Velocity: [1709282179.061065,1.5, 0.0, 0.0]
Velocity: [1709282179.2794447,1.5, 0.0, 0.0]
Velocity: [1709282179.2799878,1.5, 0.0, 0.0]
Velocity: [1709282179.2802823,1.5, 0.0, 0.0]
Velocity: [1709282179.2804744,1.5, 0.0, 0.0]
Velocity: [1709282179.2806542,1.5, 0.0, 0.0]
Velocity: [1709282179.2808383,1.5, 0.0, 0.0]
Velocity: [1709282179.2810144,1.5, 0.0, 0.0]
Velocity: [1709282179.3207686,1.5, 0.0, 0.0]
Velocity: [1709282179.371861,1.5, 0.0, 0.0]
Velocity: [1709282179.3892958,1.5, 0.0, 0.0]
Velocity: [1709282179.4223754,1.5, 0.0, 0.0]
Velocity: [1709282179.4495804,1.5, 0.0, 0.0]
Velocity: [1709282179.4997964,1.5, 0.0, 0.0]
Velocity: [1709282179.518207,1.5, 0.0, 0.0]
Velocity: [1709282179.5578246,1.5, 0.0, 0.0]
Velocity: [1709282179.5943124,1.5, 0.0, 0.0]
Velocity: [1709282179.6150286,1.5, 0.0, 0.0]
Velocity: [1709282179.6169064,0.0, 0.0, 0.0]
Velocity: [1709282179.8376498,0.0, 0.0, 0.0]
Velocity: [1709282180.055145,0.0, 0.0, 0.0]
Velocity: [1709282180.2733405,0.0, 0.0, 0.0]
Velocity: [1709282180.4897938,0.0, 0.0, 0.0]
Velocity: [1709282180.6923785,0.0, 0.0, 0.0]
Velocity: [1709282180.9419596,0.0, 0.0, 0.0]
Velocity: [1709282181.1024716,0.0, 0.0, 0.0]
Velocity: [1709282181.3157756,0.0, 0.0, 0.0]
Velocity: [1709282181.514577,0.0, 0.0, 0.0]
Velocity: [1709282181.874983,0.0, 0.0, 0.0]
Velocity: [1709282181.9577494,0.0, 0.0, 2.0]
Velocity: [1709282182.5434752,0.0, 0.0, 2.0]
Velocity: [1709282182.5438988,0.0, 0.0, 2.0]
Velocity: [1709282182.5440981,0.0, 0.0, 2.0]
Velocity: [1709282182.579786,0.0, 0.0, 2.0]
Velocity: [1709282182.5955305,0.0, 0.0, 2.0]
Velocity: [1709282182.6433609,0.0, 0.0, 2.0]
Velocity: [1709282182.6669464,0.0, 0.0, 2.0]
Velocity: [1709282182.7040734,0.0, 0.0, 2.0]
Velocity: [1709282182.7350366,0.0, 0.0, 2.0]
Velocity: [1709282182.7725873,0.0, 0.0, 2.0]
Velocity: [1709282182.8042393,0.0, 0.0, 2.0]
Velocity: [1709282182.8369284,0.0, 0.0, 2.0]
Velocity: [1709282182.8794637,0.0, 0.0, 2.0]
Velocity: [1709282182.9174125,0.0, 0.0, 2.0]
Velocity: [1709282182.9456847,0.0, 0.0, 2.0]
Velocity: [1709282182.9847705,0.0, 0.0, 2.0]
Velocity: [1709282183.0104728,0.0, 0.0, 2.0]
Velocity: [1709282183.0385041,0.0, 0.0, 2.0]
Velocity: [1709282183.0693886,0.0, 0.0, 2.0]
Velocity: [1709282183.11242,0.0, 0.0, 2.0]
Velocity: [1709282183.1326423,0.0, 0.0, 2.0]
Velocity: [1709282183.1614523,0.0, 0.0, 2.0]
Velocity: [1709282183.2000296,0.0, 0.0, 2.0]
Velocity: [1709282183.2302384,0.0, 0.0, 2.0]
Velocity: [1709282183.260273,0.0, 0.0, 2.0]
Velocity: [1709282183.304857,0.0, 0.0, 2.0]
Velocity: [1709282183.341189,0.0, 0.0, 2.0]
Velocity: [1709282183.3551857,0.0, 0.0, 2.0]
Velocity: [1709282183.389831,0.0, 0.0, 2.0]
Velocity: [1709282183.429176,0.0, 0.0, 2.0]
Velocity: [1709282183.4546309,0.0, 0.0, 2.0]
Velocity: [1709282183.499083,0.0, 0.0, 2.0]
Velocity: [1709282183.5196707,0.0, 0.0, 2.0]
Velocity: [1709282183.5555964,0.0, 0.0, 2.0]
Velocity: [1709282183.5874755,0.0, 0.0, 2.0]
Velocity: [1709282183.6268528,0.0, 0.0, 2.0]
Velocity: [1709282183.6515274,0.0, 0.0, 2.0]
Velocity: [1709282183.6879845,0.0, 0.0, 2.0]
Velocity: [1709282183.7148492,0.0, 0.0, 2.0]
Velocity: [1709282183.7406988,0.0, 0.0, 2.0]
Velocity: [1709282183.7695334,0.0, 0.0, 2.0]
Velocity: [1709282183.8142412,0.0, 0.0, 2.0]
Velocity: [1709282183.832628,0.0, 0.0, 2.0]
Velocity: [1709282183.8728368,0.0, 0.0, 2.0]
Velocity: [1709282183.8965795,0.0, 0.0, 2.0]
Velocity: [1709282183.9425771,0.0, 0.0, 2.0]
Velocity: [1709282183.9636235,0.0, 0.0, 2.0]
Velocity: [1709282184.0207884,0.0, 0.0, 2.0]
Velocity: [1709282184.041548,0.0, 0.0, 2.0]
Velocity: [1709282184.0718803,0.0, 0.0, 2.0]
Velocity: [1709282184.1020713,0.0, 0.0, 2.0]
Velocity: [1709282184.142947,0.0, 0.0, 2.0]
Velocity: [1709282184.1817205,0.0, 0.0, 2.0]
Velocity: [1709282184.2234402,0.0, 0.0, 2.0]
Velocity: [1709282184.2570891,0.0, 0.0, 2.0]
Velocity: [1709282184.290074,0.0, 0.0, 2.0]
Velocity: [1709282184.3170416,0.0, 0.0, 2.0]
Velocity: [1709282184.3420646,0.0, 0.0, 2.0]
Velocity: [1709282184.376399,0.0, 0.0, 2.0]
Velocity: [1709282184.400745,0.0, 0.0, 2.0]
Velocity: [1709282184.4726253,0.0, 0.0, 2.0]
Velocity: [1709282184.5035286,0.0, 0.0, 2.0]
Velocity: [1709282184.5297656,0.0, 0.0, 2.0]
Velocity: [1709282184.580487,0.0, 0.0, 2.0]
Velocity: [1709282184.612028,0.0, 0.0, 2.0]
Velocity: [1709282184.6430817,0.0, 0.0, 2.0]
Velocity: [1709282184.6671968,0.0, 0.0, 2.0]
Velocity: [1709282184.710279,0.0, 0.0, 2.0]
Velocity: [1709282184.734576,0.0, 0.0, 2.0]
Velocity: [1709282184.7745326,0.0, 0.0, 2.0]
Velocity: [1709282184.7961636,0.0, 0.0, 2.0]
Velocity: [1709282184.8272405,0.0, 0.0, 2.0]
Velocity: [1709282184.8603723,0.0, 0.0, 2.0]
Velocity: [1709282184.8998888,0.0, 0.0, 2.0]
Velocity: [1709282184.923747,0.0, 0.0, 2.0]
Velocity: [1709282184.9629688,0.0, 0.0, 2.0]
Velocity: [1709282184.9898884,0.0, 0.0, 2.0]
Velocity: [1709282185.0150836,0.0, 0.0, 2.0]
Velocity: [1709282185.05173,0.0, 0.0, 2.0]
Velocity: [1709282185.0844674,0.0, 0.0, 2.0]
Velocity: [1709282185.1115494,0.0, 0.0, 2.0]
Velocity: [1709282185.1434858,0.0, 0.0, 2.0]
Velocity: [1709282185.1809645,0.0, 0.0, 2.0]
Velocity: [1709282185.2060275,0.0, 0.0, 2.0]
Velocity: [1709282185.2436934,0.0, 0.0, 2.0]
Velocity: [1709282185.2726002,0.0, 0.0, 2.0]
Velocity: [1709282185.2969956,0.0, 0.0, 2.0]
Velocity: [1709282185.3403738,0.0, 0.0, 2.0]
Velocity: [1709282185.3651717,0.0, 0.0, 2.0]
Velocity: [1709282185.391213,0.0, 0.0, 2.0]
Velocity: [1709282185.4364827,0.0, 0.0, 2.0]
Velocity: [1709282185.4610326,0.0, 0.0, 2.0]
Velocity: [1709282185.4987097,0.0, 0.0, 2.0]
Velocity: [1709282185.5414991,0.0, 0.0, 2.0]
Velocity: [1709282185.5556738,0.0, 0.0, 2.0]
Velocity: [1709282185.5931706,0.0, 0.0, 2.0]
Velocity: [1709282185.6175995,0.0, 0.0, 2.0]
Velocity: [1709282185.656387,0.0, 0.0, 2.0]
Velocity: [1709282185.689919,0.0, 0.0, 2.0]
Velocity: [1709282185.7082427,0.0, 0.0, 2.0]
Velocity: [1709282185.7458525,0.0, 0.0, 2.0]
Velocity: [1709282185.7778478,0.0, 0.0, 2.0]
Velocity: [1709282185.8043482,0.0, 0.0, 2.0]
Velocity: [1709282185.8447015,0.0, 0.0, 2.0]
Velocity: [1709282185.8702855,0.0, 0.0, 2.0]
Velocity: [1709282185.9091773,0.0, 0.0, 2.0]
Velocity: [1709282185.9394703,0.0, 0.0, 2.0]
Velocity: [1709282185.9690886,0.0, 0.0, 2.0]
Velocity: [1709282186.0051925,0.0, 0.0, 2.0]
Velocity: [1709282186.0305986,0.0, 0.0, 2.0]
Velocity: [1709282186.0702732,0.0, 0.0, 2.0]
Velocity: [1709282186.1023712,0.0, 0.0, 2.0]
Velocity: [1709282186.1393523,0.0, 0.0, 2.0]
Velocity: [1709282186.1627603,0.0, 0.0, 2.0]
Velocity: [1709282186.1923294,0.0, 0.0, 2.0]
Velocity: [1709282186.2238832,0.0, 0.0, 2.0]
Velocity: [1709282186.2461374,0.0, 0.0, 0.0]
Velocity: [1709282186.4667242,1.5, 0.0, 0.0]
Velocity: [1709282186.858675,1.5, 0.0, 0.0]
Velocity: [1709282186.898431,1.5, 0.0, 0.0]
Velocity: [1709282186.938209,1.5, 0.0, 0.0]
Velocity: [1709282186.9556828,1.5, 0.0, 0.0]
Velocity: [1709282186.9934359,1.5, 0.0, 0.0]
Velocity: [1709282187.024461,1.5, 0.0, 0.0]
Velocity: [1709282187.0616522,1.5, 0.0, 0.0]
Velocity: [1709282187.0841134,1.5, 0.0, 0.0]
Velocity: [1709282187.108088,1.5, 0.0, 0.0]
Velocity: [1709282187.145647,1.5, 0.0, 0.0]
Velocity: [1709282187.171596,1.5, 0.0, 0.0]
Velocity: [1709282187.2180166,1.5, 0.0, 0.0]
Velocity: [1709282187.249577,1.5, 0.0, 0.0]
Velocity: [1709282187.314817,1.5, 0.0, 0.0]
Velocity: [1709282187.369475,1.5, 0.0, 0.0]
Velocity: [1709282187.3943095,1.5, 0.0, 0.0]
Velocity: [1709282187.4184833,1.5, 0.0, 0.0]
Velocity: [1709282187.4526968,1.5, 0.0, 0.0]
Velocity: [1709282187.489537,1.5, 0.0, 0.0]
Velocity: [1709282187.5255885,1.5, 0.0, 0.0]
Velocity: [1709282187.5483887,1.5, 0.0, 0.0]
Velocity: [1709282187.5802953,1.5, 0.0, 0.0]
Velocity: [1709282187.6228411,1.5, 0.0, 0.0]
Velocity: [1709282187.6487734,1.5, 0.0, 0.0]
Velocity: [1709282187.6741078,1.5, 0.0, 0.0]
Velocity: [1709282187.7053123,1.5, 0.0, 0.0]
Velocity: [1709282187.7365768,1.5, 0.0, 0.0]
Velocity: [1709282187.7815003,1.5, 0.0, 0.0]
Velocity: [1709282187.8132257,1.5, 0.0, 0.0]
Velocity: [1709282187.8364637,1.5, 0.0, 0.0]
Velocity: [1709282187.8831167,1.5, 0.0, 0.0]
Velocity: [1709282187.9231756,1.5, 0.0, 0.0]
Velocity: [1709282187.946198,1.5, 0.0, 0.0]
Velocity: [1709282187.9815319,1.5, 0.0, 0.0]
Velocity: [1709282188.012122,1.5, 0.0, 0.0]
Velocity: [1709282188.0512066,1.5, 0.0, 0.0]
Velocity: [1709282188.0829232,1.5, 0.0, 0.0]
Velocity: [1709282188.1190202,1.5, 0.0, 0.0]
Velocity: [1709282188.1478784,1.5, 0.0, 0.0]
Velocity: [1709282188.181371,1.5, 0.0, 0.0]
Velocity: [1709282188.2113633,1.5, 0.0, 0.0]
Velocity: [1709282188.244245,1.5, 0.0, 0.0]
Velocity: [1709282188.2714744,1.5, 0.0, 0.0]
Velocity: [1709282188.3018324,1.5, 0.0, 0.0]
Velocity: [1709282188.3310115,1.5, 0.0, 0.0]
Velocity: [1709282188.3694515,1.5, 0.0, 0.0]
Velocity: [1709282188.3956146,1.5, 0.0, 0.0]
Velocity: [1709282188.4315429,1.5, 0.0, 0.0]
Velocity: [1709282188.458497,1.5, 0.0, 0.0]
Velocity: [1709282188.4957407,1.5, 0.0, 0.0]
Velocity: [1709282188.5338995,1.5, 0.0, 0.0]
Velocity: [1709282188.5651257,1.5, 0.0, 0.0]
Velocity: [1709282188.59422,1.5, 0.0, 0.0]
Velocity: [1709282188.6210825,1.5, 0.0, 0.0]
Velocity: [1709282188.6526592,1.5, 0.0, 0.0]
Velocity: [1709282188.6934767,1.5, 0.0, 0.0]
Velocity: [1709282188.7249053,1.5, 0.0, 0.0]
Velocity: [1709282188.7725878,1.5, 0.0, 0.0]
Velocity: [1709282188.7978146,1.5, 0.0, 0.0]
Velocity: [1709282188.8340604,1.5, 0.0, 0.0]
Velocity: [1709282188.8656685,1.5, 0.0, 0.0]
Velocity: [1709282188.9036784,1.5, 0.0, 0.0]
Velocity: [1709282188.9250035,1.5, 0.0, 0.0]
Velocity: [1709282188.9630203,1.5, 0.0, 0.0]
Velocity: [1709282188.9858522,1.5, 0.0, 0.0]
Velocity: [1709282189.017916,1.5, 0.0, 0.0]
Velocity: [1709282189.0559971,1.5, 0.0, 0.0]
Velocity: [1709282189.0798001,1.5, 0.0, 0.0]
Velocity: [1709282189.118206,1.5, 0.0, 0.0]
Velocity: [1709282189.157083,1.5, 0.0, 0.0]
Velocity: [1709282189.1852286,1.5, 0.0, 0.0]
Velocity: [1709282189.2178447,1.5, 0.0, 0.0]
Velocity: [1709282189.2553353,1.5, 0.0, 0.0]
Velocity: [1709282189.2763798,1.5, 0.0, 0.0]
Velocity: [1709282189.3139093,1.5, 0.0, 0.0]
Velocity: [1709282189.3528428,1.5, 0.0, 0.0]
Velocity: [1709282189.384638,1.5, 0.0, 0.0]
Velocity: [1709282189.4163995,1.5, 0.0, 0.0]
Velocity: [1709282189.4526744,1.5, 0.0, 0.0]
Velocity: [1709282189.4874601,1.5, 0.0, 0.0]
Velocity: [1709282189.5102448,1.5, 0.0, 0.0]
Velocity: [1709282189.5613353,1.5, 0.0, 0.0]
Velocity: [1709282189.580156,1.5, 0.0, 0.0]
Velocity: [1709282189.6093206,1.5, 0.0, 0.0]
Velocity: [1709282189.6176646,0.0, 0.0, -2.0]
Velocity: [1709282189.7730563,0.0, 0.0, 0.0]
Velocity: [1709282189.9795747,0.0, 0.0, 0.0]
Velocity: [1709282190.1838956,0.0, 0.0, 0.0]
Velocity: [1709282190.411891,0.0, 0.0, 0.0]
Velocity: [1709282190.6208425,0.0, 0.0, 0.0]
Velocity: [1709282190.8470576,0.0, 0.0, 0.0]
Velocity: [1709282191.0506895,0.0, 0.0, 0.0]
Velocity: [1709282191.1684878,0.0, 0.0, -2.0]
Velocity: [1709282191.1696188,0.0, 0.0, -2.0]
Velocity: [1709282191.2001083,0.0, 0.0, -2.0]
Velocity: [1709282191.2371252,0.0, 0.0, -2.0]
Velocity: [1709282191.2671533,0.0, 0.0, -2.0]
Velocity: [1709282191.3018146,0.0, 0.0, -2.0]
Velocity: [1709282191.3284104,0.0, 0.0, -2.0]
Velocity: [1709282191.3898962,0.0, 0.0, -2.0]
Velocity: [1709282191.4009166,0.0, 0.0, -2.0]
Velocity: [1709282191.4428062,0.0, 0.0, -2.0]
Velocity: [1709282191.470744,0.0, 0.0, -2.0]
Velocity: [1709282191.5089257,0.0, 0.0, -2.0]
Velocity: [1709282191.5394785,0.0, 0.0, -2.0]
Velocity: [1709282191.571329,0.0, 0.0, -2.0]
Velocity: [1709282191.6199768,0.0, 0.0, -2.0]
Velocity: [1709282191.640253,0.0, 0.0, -2.0]
Velocity: [1709282191.6686895,0.0, 0.0, -2.0]
Velocity: [1709282191.6978786,0.0, 0.0, -2.0]
Velocity: [1709282191.7308006,0.0, 0.0, -2.0]
Velocity: [1709282191.7647011,0.0, 0.0, -2.0]
Velocity: [1709282191.8057435,0.0, 0.0, -2.0]
Velocity: [1709282191.8343062,0.0, 0.0, -2.0]
Velocity: [1709282191.8523743,0.0, 0.0, -2.0]
Velocity: [1709282191.8823984,0.0, 0.0, -2.0]
Velocity: [1709282191.9147763,0.0, 0.0, -2.0]
Velocity: [1709282191.9502168,0.0, 0.0, -2.0]
Velocity: [1709282191.9912052,0.0, 0.0, -2.0]
Velocity: [1709282192.011285,0.0, 0.0, -2.0]
Velocity: [1709282192.0469985,0.0, 0.0, -2.0]
Velocity: [1709282192.0805645,0.0, 0.0, -2.0]
Velocity: [1709282192.1144252,0.0, 0.0, -2.0]
Velocity: [1709282192.1532133,0.0, 0.0, -2.0]
Velocity: [1709282192.1866648,0.0, 0.0, -2.0]
Velocity: [1709282192.2246752,0.0, 0.0, -2.0]
Velocity: [1709282192.2581804,0.0, 0.0, -2.0]
Velocity: [1709282192.2808988,0.0, 0.0, -2.0]
Velocity: [1709282192.316679,0.0, 0.0, -2.0]
Velocity: [1709282192.3393517,0.0, 0.0, -2.0]
Velocity: [1709282192.3669093,0.0, 0.0, -2.0]
Velocity: [1709282192.4104574,0.0, 0.0, -2.0]
Velocity: [1709282192.44751,0.0, 0.0, -2.0]
Velocity: [1709282192.4480193,0.0, 0.0, 0.0]
Velocity: [1709282192.6538415,0.0, 0.0, 0.0]
Velocity: [1709282192.9066534,0.0, 0.0, 0.0]
Velocity: [1709282193.0494392,0.0, 0.0, 0.0]
Velocity: [1709282193.3353703,0.0, 0.0, 0.0]
Velocity: [1709282193.4765801,0.0, 0.0, 0.0]
Velocity: [1709282193.7016852,0.0, 0.0, 0.0]
Velocity: [1709282193.8987677,0.0, 0.0, 0.0]
Velocity: [1709282194.1431212,0.0, 0.0, 0.0]
Velocity: [1709282194.356752,0.0, 0.0, 0.0]
Velocity: [1709282194.4062543,0.0, 0.0, 0.0]
Velocity: [1709282194.5258904,1.5, 0.0, 0.0]
Velocity: [1709282195.0256655,1.5, 0.0, 0.0]
Velocity: [1709282195.0626094,1.5, 0.0, 0.0]
Velocity: [1709282195.1022751,1.5, 0.0, 0.0]
Velocity: [1709282195.125501,1.5, 0.0, 0.0]
Velocity: [1709282195.1615946,1.5, 0.0, 0.0]
Velocity: [1709282195.1993043,1.5, 0.0, 0.0]
Velocity: [1709282195.2456489,1.5, 0.0, 0.0]
Velocity: [1709282195.2618341,1.5, 0.0, 0.0]
Velocity: [1709282195.2889323,1.5, 0.0, 0.0]
Velocity: [1709282195.3199975,1.5, 0.0, 0.0]
Velocity: [1709282195.3525355,1.5, 0.0, 0.0]
Velocity: [1709282195.383485,1.5, 0.0, 0.0]
Velocity: [1709282195.4113185,1.5, 0.0, 0.0]
Velocity: [1709282195.4393,1.5, 0.0, 0.0]
Velocity: [1709282195.4699516,1.5, 0.0, 0.0]
Velocity: [1709282195.5013611,1.5, 0.0, 0.0]
Velocity: [1709282195.5301988,1.5, 0.0, 0.0]
Velocity: [1709282195.5623386,1.5, 0.0, 0.0]
Velocity: [1709282195.603847,1.5, 0.0, 0.0]
Velocity: [1709282195.633392,1.5, 0.0, 0.0]
Velocity: [1709282195.6633472,1.5, 0.0, 0.0]
Velocity: [1709282195.6949072,1.5, 0.0, 0.0]
Velocity: [1709282195.7326164,1.5, 0.0, 0.0]
Velocity: [1709282195.7664082,1.5, 0.0, 0.0]
Velocity: [1709282195.7928157,1.5, 0.0, 0.0]
Velocity: [1709282195.8268702,1.5, 0.0, 0.0]
Velocity: [1709282195.845831,1.5, 0.0, 0.0]
Velocity: [1709282195.879477,1.5, 0.0, 0.0]
Velocity: [1709282195.925072,1.5, 0.0, 0.0]
Velocity: [1709282195.9462152,1.5, 0.0, 0.0]
Velocity: [1709282195.979318,1.5, 0.0, 0.0]
Velocity: [1709282196.0074236,1.5, 0.0, 0.0]
Velocity: [1709282196.0440307,1.5, 0.0, 0.0]
Velocity: [1709282196.0796025,1.5, 0.0, 0.0]
Velocity: [1709282196.1164236,1.5, 0.0, 0.0]
Velocity: [1709282196.1421337,1.5, 0.0, 0.0]
Velocity: [1709282196.1835635,1.5, 0.0, 0.0]
Velocity: [1709282196.208499,1.5, 0.0, 0.0]
Velocity: [1709282196.2425506,1.5, 0.0, 0.0]
Velocity: [1709282196.2792919,1.5, 0.0, 0.0]
Velocity: [1709282196.3204703,1.5, 0.0, 0.0]
Velocity: [1709282196.3454313,1.5, 0.0, 0.0]
Velocity: [1709282196.394213,1.5, 0.0, 0.0]
Velocity: [1709282196.4152799,1.5, 0.0, 0.0]
Velocity: [1709282196.45737,1.5, 0.0, 0.0]
Velocity: [1709282196.4797156,1.5, 0.0, 0.0]
Velocity: [1709282196.5072062,1.5, 0.0, 0.0]
Velocity: [1709282196.540418,1.5, 0.0, 0.0]
Velocity: [1709282196.5704603,1.5, 0.0, 0.0]
Velocity: [1709282196.6139262,1.5, 0.0, 0.0]
Velocity: [1709282196.793273,1.5, 0.0, 0.0]
Velocity: [1709282196.7936544,1.5, 0.0, 0.0]
Velocity: [1709282196.7939003,1.5, 0.0, 0.0]
Velocity: [1709282196.7940772,1.5, 0.0, 0.0]
Velocity: [1709282196.7942567,1.5, 0.0, 0.0]
Velocity: [1709282196.8227887,1.5, 0.0, 0.0]
Velocity: [1709282196.8393724,1.5, 0.0, 0.0]
Velocity: [1709282196.9021463,1.5, 0.0, 0.0]
Velocity: [1709282196.944245,1.5, 0.0, 0.0]
Velocity: [1709282196.975053,1.5, 0.0, 0.0]
Velocity: [1709282197.0029233,1.5, 0.0, 0.0]
Velocity: [1709282197.0373752,1.5, 0.0, 0.0]
Velocity: [1709282197.0701153,1.5, 0.0, 0.0]
Velocity: [1709282197.1097338,1.5, 0.0, 0.0]
Velocity: [1709282197.1513927,1.5, 0.0, 0.0]
Velocity: [1709282197.1711314,1.5, 0.0, 0.0]
Velocity: [1709282197.2013094,1.5, 0.0, 0.0]
Velocity: [1709282197.2337582,1.5, 0.0, 0.0]
Velocity: [1709282197.2634542,1.5, 0.0, 0.0]
Velocity: [1709282197.2961133,1.5, 0.0, 0.0]
Velocity: [1709282197.3250787,1.5, 0.0, 0.0]
Velocity: [1709282197.3603802,1.5, 0.0, 0.0]
Velocity: [1709282197.3897712,1.5, 0.0, 0.0]
Velocity: [1709282197.4448984,1.5, 0.0, 0.0]
Velocity: [1709282197.4666064,1.5, 0.0, 0.0]
Velocity: [1709282197.4986296,1.5, 0.0, 0.0]
Velocity: [1709282197.545415,1.5, 0.0, 0.0]
Velocity: [1709282197.577542,1.5, 0.0, 0.0]
Velocity: [1709282197.6190825,1.5, 0.0, 0.0]
Velocity: [1709282197.6446133,1.5, 0.0, 0.0]
Velocity: [1709282197.6639583,1.5, 0.0, 0.0]
Velocity: [1709282197.6973681,1.5, 0.0, 0.0]
Velocity: [1709282197.7312136,1.5, 0.0, 0.0]
Velocity: [1709282197.7733774,1.5, 0.0, 0.0]
Velocity: [1709282197.7962403,1.5, 0.0, 0.0]
Velocity: [1709282197.832641,1.5, 0.0, 0.0]
Velocity: [1709282197.8666415,1.5, 0.0, 0.0]
Velocity: [1709282197.9115176,1.5, 0.0, 0.0]
Velocity: [1709282197.9344287,1.5, 0.0, 0.0]
Velocity: [1709282197.968986,1.5, 0.0, 0.0]
Velocity: [1709282197.9913864,1.5, 0.0, 0.0]
Velocity: [1709282198.02946,1.5, 0.0, 0.0]
Velocity: [1709282198.0597312,1.5, 0.0, 0.0]
Velocity: [1709282198.1111193,1.5, 0.0, 0.0]
Velocity: [1709282198.1291623,1.5, 0.0, 0.0]
Velocity: [1709282198.1828327,1.5, 0.0, 0.0]
Velocity: [1709282198.2011752,1.5, 0.0, 0.0]
Velocity: [1709282198.2323065,1.5, 0.0, 0.0]
Velocity: [1709282198.2628264,1.5, 0.0, 0.0]
Velocity: [1709282198.2963715,1.5, 0.0, 0.0]
Velocity: [1709282198.3327036,1.5, 0.0, 0.0]
Velocity: [1709282198.3803344,1.5, 0.0, 0.0]
Velocity: [1709282198.4018555,1.5, 0.0, 0.0]
Velocity: [1709282198.4357789,1.5, 0.0, 0.0]
Velocity: [1709282198.467594,1.5, 0.0, 0.0]
Velocity: [1709282198.5013602,1.5, 0.0, 0.0]
Velocity: [1709282198.5329204,1.5, 0.0, 0.0]
Velocity: [1709282198.5614574,1.5, 0.0, 0.0]
Velocity: [1709282198.5920315,1.5, 0.0, 0.0]
Velocity: [1709282198.6220229,1.5, 0.0, 0.0]
Velocity: [1709282198.6638649,1.5, 0.0, 0.0]
Velocity: [1709282198.6888943,1.5, 0.0, 0.0]
Velocity: [1709282198.717518,1.5, 0.0, 0.0]
Velocity: [1709282198.7535665,1.5, 0.0, 0.0]
Velocity: [1709282198.7877686,1.5, 0.0, 0.0]
Velocity: [1709282198.8214383,1.5, 0.0, 0.0]
Velocity: [1709282198.84671,1.5, 0.0, 0.0]
Velocity: [1709282198.8954778,1.5, 0.0, 0.0]
Velocity: [1709282198.9171517,1.5, 0.0, 0.0]
Velocity: [1709282198.950425,1.5, 0.0, 0.0]
Velocity: [1709282198.9766324,1.5, 0.0, 0.0]
Velocity: [1709282199.0218077,1.5, 0.0, 0.0]
Velocity: [1709282199.0422978,1.5, 0.0, 0.0]
Velocity: [1709282199.0781221,1.5, 0.0, 0.0]
Velocity: [1709282199.1060488,1.5, 0.0, 0.0]
Velocity: [1709282199.1555207,1.5, 0.0, 0.0]
Velocity: [1709282199.1873636,1.5, 0.0, 0.0]
Velocity: [1709282199.2153194,1.5, 0.0, 0.0]
Velocity: [1709282199.2471993,1.5, 0.0, 0.0]
Velocity: [1709282199.2893088,1.5, 0.0, 0.0]
Velocity: [1709282199.3205523,1.5, 0.0, 0.0]
Velocity: [1709282199.3503976,1.5, 0.0, 0.0]
Velocity: [1709282199.3827727,1.5, 0.0, 0.0]
Velocity: [1709282199.420104,1.5, 0.0, 0.0]
Velocity: [1709282199.4515877,1.5, 0.0, 0.0]
Velocity: [1709282199.4813983,1.5, 0.0, 0.0]
Velocity: [1709282199.521305,1.5, 0.0, 0.0]
Velocity: [1709282199.5462139,1.5, 0.0, 0.0]
Velocity: [1709282199.5773907,1.5, 0.0, 0.0]
Velocity: [1709282199.6140175,1.5, 0.0, 0.0]
Velocity: [1709282199.6432798,1.5, 0.0, 0.0]
Velocity: [1709282199.6772869,1.5, 0.0, 0.0]
Velocity: [1709282199.7384715,1.5, 0.0, 0.0]
Velocity: [1709282199.7634764,1.5, 0.0, 0.0]
Velocity: [1709282199.794418,1.5, 0.0, 0.0]
Velocity: [1709282199.8384264,1.5, 0.0, 0.0]
Velocity: [1709282199.8652194,1.5, 0.0, 0.0]
Velocity: [1709282199.891133,1.5, 0.0, 0.0]
Velocity: [1709282199.9441762,1.5, 0.0, 0.0]
Velocity: [1709282199.96409,1.5, 0.0, 0.0]
Velocity: [1709282200.0049582,1.5, 0.0, 0.0]
Velocity: [1709282200.0278594,1.5, 0.0, 0.0]
Velocity: [1709282200.0763323,1.5, 0.0, 0.0]
Velocity: [1709282200.1053722,1.5, 0.0, 0.0]
Velocity: [1709282200.1514125,1.5, 0.0, 0.0]
Velocity: [1709282200.1752272,1.5, 0.0, 0.0]
Velocity: [1709282200.2025442,1.5, 0.0, 0.0]
Velocity: [1709282200.232092,1.5, 0.0, 0.0]
Velocity: [1709282200.450633,1.5, 0.0, 0.0]
Velocity: [1709282200.4509976,1.5, 0.0, 0.0]
Velocity: [1709282200.4512367,1.5, 0.0, 0.0]
Velocity: [1709282200.4514122,1.5, 0.0, 0.0]
Velocity: [1709282200.4515839,1.5, 0.0, 0.0]
Velocity: [1709282200.4517562,1.5, 0.0, 0.0]
Velocity: [1709282200.4615698,1.5, 0.0, 0.0]
Velocity: [1709282200.5000796,1.5, 0.0, 0.0]
Velocity: [1709282200.5429668,1.5, 0.0, 0.0]
Velocity: [1709282200.5690885,1.5, 0.0, 0.0]
Velocity: [1709282200.6038866,1.5, 0.0, 0.0]
Velocity: [1709282200.636439,1.5, 0.0, 0.0]
Velocity: [1709282200.6660738,1.5, 0.0, 0.0]
Velocity: [1709282200.7008932,1.5, 0.0, 0.0]
Velocity: [1709282200.729826,1.5, 0.0, 0.0]
Velocity: [1709282200.761474,1.5, 0.0, 0.0]
Velocity: [1709282200.8027341,1.5, 0.0, 0.0]
Velocity: [1709282200.829466,1.5, 0.0, 0.0]
Velocity: [1709282200.861043,1.5, 0.0, 0.0]
Velocity: [1709282200.9031904,1.5, 0.0, 0.0]
Velocity: [1709282200.9410045,1.5, 0.0, 0.0]
Velocity: [1709282200.9659543,1.5, 0.0, 0.0]
Velocity: [1709282201.0286868,1.5, 0.0, 0.0]
Velocity: [1709282201.0581396,1.5, 0.0, 0.0]
Velocity: [1709282201.0963092,1.5, 0.0, 0.0]
Velocity: [1709282201.1264915,1.5, 0.0, 0.0]
Velocity: [1709282201.1733778,1.5, 0.0, 0.0]
Velocity: [1709282201.1929348,1.5, 0.0, 0.0]
Velocity: [1709282201.226024,1.5, 0.0, 0.0]
Velocity: [1709282201.2605824,1.5, 0.0, 0.0]
Velocity: [1709282201.290273,1.5, 0.0, 0.0]
Velocity: [1709282201.3204074,1.5, 0.0, 0.0]
Velocity: [1709282201.3579443,1.5, 0.0, 0.0]
Velocity: [1709282201.3884146,1.5, 0.0, 0.0]
Velocity: [1709282201.4106636,1.5, 0.0, 0.0]
Velocity: [1709282201.457346,1.5, 0.0, 0.0]
Velocity: [1709282201.4792795,1.5, 0.0, 0.0]
Velocity: [1709282201.521006,1.5, 0.0, 0.0]
Velocity: [1709282201.5615976,1.5, 0.0, 0.0]
Velocity: [1709282201.5927453,1.5, 0.0, 0.0]
Velocity: [1709282201.621398,1.5, 0.0, 0.0]
Velocity: [1709282201.644665,1.5, 0.0, 0.0]
Velocity: [1709282201.680478,1.5, 0.0, 0.0]
Velocity: [1709282201.7199073,1.5, 0.0, 0.0]
Velocity: [1709282201.7510374,1.5, 0.0, 0.0]
Velocity: [1709282201.781953,1.5, 0.0, 0.0]
Velocity: [1709282201.822498,1.5, 0.0, 0.0]
Velocity: [1709282201.8492222,1.5, 0.0, 0.0]
Velocity: [1709282201.8793917,1.5, 0.0, 0.0]
Velocity: [1709282201.908265,1.5, 0.0, 0.0]
Velocity: [1709282201.9452784,1.5, 0.0, 0.0]
Velocity: [1709282201.9757254,1.5, 0.0, 0.0]
Velocity: [1709282202.0287259,1.5, 0.0, 0.0]
Velocity: [1709282202.051664,1.5, 0.0, 0.0]
Velocity: [1709282202.087561,1.5, 0.0, 0.0]
Velocity: [1709282202.1491065,1.5, 0.0, 0.0]
Velocity: [1709282202.1890676,1.5, 0.0, 0.0]
Velocity: [1709282202.2216308,1.5, 0.0, 0.0]
Velocity: [1709282202.2608006,1.5, 0.0, 0.0]
Velocity: [1709282202.2949858,1.5, 0.0, 0.0]
Velocity: [1709282202.311279,1.5, 0.0, 0.0]
Velocity: [1709282202.3450527,1.5, 0.0, 0.0]
Velocity: [1709282202.379349,1.5, 0.0, 0.0]
Velocity: [1709282202.4089956,1.5, 0.0, 0.0]
Velocity: [1709282202.4462116,1.5, 0.0, 0.0]
Velocity: [1709282202.4724982,1.5, 0.0, 0.0]
Velocity: [1709282202.5065055,1.5, 0.0, 0.0]
Velocity: [1709282202.5411997,1.5, 0.0, 0.0]
Velocity: [1709282202.5776737,1.5, 0.0, 0.0]
Velocity: [1709282202.6055918,1.5, 0.0, 0.0]
Velocity: [1709282202.6427686,1.5, 0.0, 0.0]
Velocity: [1709282202.6791744,1.5, 0.0, 0.0]
Velocity: [1709282202.7109432,1.5, 0.0, 0.0]
Velocity: [1709282202.7439492,1.5, 0.0, 0.0]
Velocity: [1709282202.766723,1.5, 0.0, 0.0]
Velocity: [1709282202.8029296,1.5, 0.0, 0.0]
Velocity: [1709282202.85511,1.5, 0.0, 0.0]
Velocity: [1709282202.8869956,1.5, 0.0, 0.0]
Velocity: [1709282202.9160688,1.5, 0.0, 0.0]
Velocity: [1709282202.9465964,1.5, 0.0, 0.0]
Velocity: [1709282202.9799228,1.5, 0.0, 0.0]
Velocity: [1709282203.0127852,1.5, 0.0, 0.0]
Velocity: [1709282203.073639,1.5, 0.0, 0.0]
Velocity: [1709282203.1116722,1.5, 0.0, 0.0]
Velocity: [1709282203.1318982,1.5, 0.0, 0.0]
Velocity: [1709282203.1675608,1.5, 0.0, 0.0]
Velocity: [1709282203.1958349,1.5, 0.0, 0.0]
Velocity: [1709282203.2406814,1.5, 0.0, 0.0]
Velocity: [1709282203.26726,1.5, 0.0, 0.0]
Velocity: [1709282203.3013124,1.5, 0.0, 0.0]
Velocity: [1709282203.32994,1.5, 0.0, 0.0]
Velocity: [1709282203.3697367,1.5, 0.0, 0.0]
Velocity: [1709282203.405829,1.5, 0.0, 0.0]
Velocity: [1709282203.4463453,1.5, 0.0, 0.0]
Velocity: [1709282203.4772947,1.5, 0.0, 0.0]
Velocity: [1709282203.5190773,1.5, 0.0, 0.0]
Velocity: [1709282203.5360348,1.5, 0.0, 0.0]
Velocity: [1709282203.569643,1.5, 0.0, 0.0]
Velocity: [1709282203.6141775,1.5, 0.0, 0.0]
Velocity: [1709282203.654994,1.5, 0.0, 0.0]
Velocity: [1709282203.6774144,1.5, 0.0, 0.0]
Velocity: [1709282203.7022858,1.5, 0.0, 0.0]
Velocity: [1709282203.7436872,1.5, 0.0, 0.0]
Velocity: [1709282203.7671294,1.5, 0.0, 0.0]
Velocity: [1709282203.806085,1.5, 0.0, 0.0]
Velocity: [1709282203.8402994,1.5, 0.0, 0.0]
Velocity: [1709282203.874896,1.5, 0.0, 0.0]
Velocity: [1709282203.8941011,1.5, 0.0, 0.0]
Velocity: [1709282203.9279552,1.5, 0.0, 0.0]
Velocity: [1709282203.9616094,1.5, 0.0, 0.0]
Velocity: [1709282204.0002608,1.5, 0.0, 0.0]
Velocity: [1709282204.1655211,1.5, 0.0, 0.0]
Velocity: [1709282204.1659138,1.5, 0.0, 0.0]
Velocity: [1709282204.1661007,1.5, 0.0, 0.0]
Velocity: [1709282204.1662824,1.5, 0.0, 0.0]
Velocity: [1709282204.1664584,1.5, 0.0, 0.0]
Velocity: [1709282204.1997688,1.5, 0.0, 0.0]
Velocity: [1709282204.2166357,1.5, 0.0, 0.0]
Velocity: [1709282204.2439399,1.5, 0.0, 0.0]
Velocity: [1709282204.2732291,1.5, 0.0, 0.0]
Velocity: [1709282204.315097,1.5, 0.0, 0.0]
Velocity: [1709282204.3390205,1.5, 0.0, 0.0]
Velocity: [1709282204.374888,1.5, 0.0, 0.0]
Velocity: [1709282204.4074917,1.5, 0.0, 0.0]
Velocity: [1709282204.438208,1.5, 0.0, 0.0]
Velocity: [1709282204.46896,1.5, 0.0, 0.0]
Velocity: [1709282204.514133,1.5, 0.0, 0.0]
Velocity: [1709282204.5531082,1.5, 0.0, 0.0]
Velocity: [1709282204.5660481,1.5, 0.0, 0.0]
Velocity: [1709282204.6101177,1.5, 0.0, 0.0]
Velocity: [1709282204.649245,1.5, 0.0, 0.0]
Velocity: [1709282204.680442,1.5, 0.0, 0.0]
Velocity: [1709282204.7048092,1.5, 0.0, 0.0]
Velocity: [1709282204.749505,1.5, 0.0, 0.0]
Velocity: [1709282204.7873604,1.5, 0.0, 0.0]
Velocity: [1709282204.8305385,1.5, 0.0, 0.0]
Velocity: [1709282204.8525577,1.5, 0.0, 0.0]
Velocity: [1709282204.886692,1.5, 0.0, 0.0]
Velocity: [1709282204.9348552,1.5, 0.0, 0.0]
Velocity: [1709282204.9637349,1.5, 0.0, 0.0]
Velocity: [1709282204.9972517,1.5, 0.0, 0.0]
Velocity: [1709282205.0396218,1.5, 0.0, 0.0]
Velocity: [1709282205.068483,1.5, 0.0, 0.0]
Velocity: [1709282205.100884,1.5, 0.0, 0.0]
Velocity: [1709282205.1435125,1.5, 0.0, 0.0]
Velocity: [1709282205.1735342,1.5, 0.0, 0.0]
Velocity: [1709282205.2015185,1.5, 0.0, 0.0]
Velocity: [1709282205.2387824,1.5, 0.0, 0.0]
Velocity: [1709282205.270962,1.5, 0.0, 0.0]
Velocity: [1709282205.3012447,1.5, 0.0, 0.0]
Velocity: [1709282205.3334203,1.5, 0.0, 0.0]
Velocity: [1709282205.3676422,1.5, 0.0, 0.0]
Velocity: [1709282205.4024649,1.5, 0.0, 0.0]
Velocity: [1709282205.4333377,1.5, 0.0, 0.0]
Velocity: [1709282205.4639323,1.5, 0.0, 0.0]
Velocity: [1709282205.4882078,1.5, 0.0, 0.0]
Velocity: [1709282205.5256217,1.5, 0.0, 0.0]
Velocity: [1709282205.558264,1.5, 0.0, 0.0]
Velocity: [1709282205.590113,1.5, 0.0, 0.0]
Velocity: [1709282205.6330135,1.5, 0.0, 0.0]
Velocity: [1709282205.6650617,1.5, 0.0, 0.0]
Velocity: [1709282205.712475,1.5, 0.0, 0.0]
Velocity: [1709282205.752629,1.5, 0.0, 0.0]
Velocity: [1709282205.7789996,1.5, 0.0, 0.0]
Velocity: [1709282205.8031173,1.5, 0.0, 0.0]
Velocity: [1709282205.8494565,1.5, 0.0, 0.0]
Velocity: [1709282205.8743505,1.5, 0.0, 0.0]
Velocity: [1709282205.9058602,1.5, 0.0, 0.0]
Velocity: [1709282205.9330192,1.5, 0.0, 0.0]
Velocity: [1709282205.9626331,1.5, 0.0, 0.0]
Velocity: [1709282206.0124846,1.5, 0.0, 0.0]
Velocity: [1709282206.0504794,1.5, 0.0, 0.0]
Velocity: [1709282206.088232,1.5, 0.0, 0.0]
Velocity: [1709282206.1106558,1.5, 0.0, 0.0]
Velocity: [1709282206.1437469,1.5, 0.0, 0.0]
Velocity: [1709282206.1753476,1.5, 0.0, 0.0]
Velocity: [1709282206.2349856,1.5, 0.0, 0.0]
Velocity: [1709282206.2769783,1.5, 0.0, 0.0]
Velocity: [1709282206.3067334,1.5, 0.0, 0.0]
Velocity: [1709282206.3382149,1.5, 0.0, 0.0]
Velocity: [1709282206.372088,1.5, 0.0, 0.0]
Velocity: [1709282206.4042614,1.5, 0.0, 0.0]
Velocity: [1709282206.4334168,1.5, 0.0, 0.0]
Velocity: [1709282206.4595165,1.5, 0.0, 0.0]
Velocity: [1709282206.4991364,1.5, 0.0, 0.0]
Velocity: [1709282206.5205894,1.5, 0.0, 0.0]
Velocity: [1709282206.5723062,1.5, 0.0, 0.0]
Velocity: [1709282206.599351,1.5, 0.0, 0.0]
Velocity: [1709282206.6326272,1.5, 0.0, 0.0]
Velocity: [1709282206.6522057,1.5, 0.0, 0.0]
Velocity: [1709282206.682326,1.5, 0.0, 0.0]
Velocity: [1709282206.7247066,1.5, 0.0, 0.0]
Velocity: [1709282206.7570353,1.5, 0.0, 0.0]
Velocity: [1709282206.7782562,1.5, 0.0, 0.0]
Velocity: [1709282206.8109272,1.5, 0.0, 0.0]
Velocity: [1709282206.8437314,1.5, 0.0, 0.0]
Velocity: [1709282206.875853,1.5, 0.0, 0.0]
Velocity: [1709282206.9119916,1.5, 0.0, 0.0]
Velocity: [1709282206.9464858,1.5, 0.0, 0.0]
Velocity: [1709282206.983143,1.5, 0.0, 0.0]
Velocity: [1709282207.0050235,1.5, 0.0, 0.0]
Velocity: [1709282207.0385306,1.5, 0.0, 0.0]
Velocity: [1709282207.0823066,1.5, 0.0, 0.0]
Velocity: [1709282207.108119,1.5, 0.0, 0.0]
Velocity: [1709282207.1360767,1.5, 0.0, 0.0]
Velocity: [1709282207.1660538,1.5, 0.0, 0.0]
Velocity: [1709282207.2327013,1.5, 0.0, 0.0]
Velocity: [1709282207.253434,1.5, 0.0, 0.0]
Velocity: [1709282207.283035,1.5, 0.0, 0.0]
Velocity: [1709282207.3173494,1.5, 0.0, 0.0]
Velocity: [1709282207.3490934,1.5, 0.0, 0.0]
Velocity: [1709282207.3952463,1.5, 0.0, 0.0]
Velocity: [1709282207.421493,1.5, 0.0, 0.0]
Velocity: [1709282207.4487002,1.5, 0.0, 0.0]
Velocity: [1709282207.4779625,1.5, 0.0, 0.0]
Velocity: [1709282207.5127861,1.5, 0.0, 0.0]
Velocity: [1709282207.539455,1.5, 0.0, 0.0]
Velocity: [1709282207.5751038,1.5, 0.0, 0.0]
Velocity: [1709282207.6051779,1.5, 0.0, 0.0]
Velocity: [1709282207.6337569,1.5, 0.0, 0.0]
Velocity: [1709282207.6654472,1.5, 0.0, 0.0]
Velocity: [1709282207.7106926,1.5, 0.0, 0.0]
Velocity: [1709282207.7440932,1.5, 0.0, 0.0]
Velocity: [1709282207.777462,1.5, 0.0, 0.0]
Velocity: [1709282207.8144631,1.5, 0.0, 0.0]
Velocity: [1709282207.8439908,1.5, 0.0, 0.0]
Velocity: [1709282208.0778913,1.5, 0.0, 0.0]
Velocity: [1709282208.0792983,1.5, 0.0, 0.0]
Velocity: [1709282208.0795755,1.5, 0.0, 0.0]
Velocity: [1709282208.0798154,1.5, 0.0, 0.0]
Velocity: [1709282208.0799963,1.5, 0.0, 0.0]
Velocity: [1709282208.0801713,1.5, 0.0, 0.0]
Velocity: [1709282208.080348,1.5, 0.0, 0.0]
Velocity: [1709282208.093552,1.5, 0.0, 0.0]
Velocity: [1709282208.1315558,1.5, 0.0, 0.0]
Velocity: [1709282208.1590679,1.5, 0.0, 0.0]
Velocity: [1709282208.2021468,1.5, 0.0, 0.0]
Velocity: [1709282208.227944,1.5, 0.0, 0.0]
Velocity: [1709282208.2620363,1.5, 0.0, 0.0]
Velocity: [1709282208.289565,1.5, 0.0, 0.0]
Velocity: [1709282208.328307,1.5, 0.0, 0.0]
Velocity: [1709282208.3595939,1.5, 0.0, 0.0]
Velocity: [1709282208.400223,1.5, 0.0, 0.0]
Velocity: [1709282208.4317892,1.5, 0.0, 0.0]
Velocity: [1709282208.4612992,1.5, 0.0, 0.0]
Velocity: [1709282208.4984782,1.5, 0.0, 0.0]
Velocity: [1709282208.5274646,1.5, 0.0, 0.0]
Velocity: [1709282208.6215413,1.5, 0.0, 0.0]
Velocity: [1709282208.621876,0.0, 0.0, 0.0]
Velocity: [1709282208.7752147,0.0, 0.0, 0.0]
Velocity: [1709282209.2360706,0.0, 0.0, 0.0]
Velocity: [1709282209.3785498,0.0, 0.0, 0.0]
Velocity: [1709282209.5315726,0.0, 0.0, 2.0]
Velocity: [1709282209.5319145,0.0, 0.0, 2.0]
Velocity: [1709282209.552382,0.0, 0.0, 2.0]
Velocity: [1709282209.5928922,0.0, 0.0, 2.0]
Velocity: [1709282209.6171253,0.0, 0.0, 2.0]
Velocity: [1709282209.649173,0.0, 0.0, 2.0]
Velocity: [1709282209.6919928,0.0, 0.0, 2.0]
Velocity: [1709282209.7361941,0.0, 0.0, 2.0]
Velocity: [1709282209.7685232,0.0, 0.0, 2.0]
Velocity: [1709282209.7959404,0.0, 0.0, 2.0]
Velocity: [1709282209.8220437,0.0, 0.0, 2.0]
Velocity: [1709282209.8498611,0.0, 0.0, 2.0]
Velocity: [1709282209.9016318,0.0, 0.0, 2.0]
Velocity: [1709282209.9316611,0.0, 0.0, 2.0]
Velocity: [1709282209.960829,0.0, 0.0, 2.0]
Velocity: [1709282209.9940176,0.0, 0.0, 2.0]
Velocity: [1709282210.0382147,0.0, 0.0, 2.0]
Velocity: [1709282210.071926,0.0, 0.0, 2.0]
Velocity: [1709282210.1084864,0.0, 0.0, 2.0]
Velocity: [1709282210.1433616,0.0, 0.0, 2.0]
Velocity: [1709282210.1803281,0.0, 0.0, 2.0]
Velocity: [1709282210.2036557,0.0, 0.0, 2.0]
Velocity: [1709282210.240194,0.0, 0.0, 2.0]
Velocity: [1709282210.2774796,0.0, 0.0, 2.0]
Velocity: [1709282210.3101861,0.0, 0.0, 2.0]
Velocity: [1709282210.345885,0.0, 0.0, 2.0]
Velocity: [1709282210.3784974,0.0, 0.0, 2.0]
Velocity: [1709282210.4098568,0.0, 0.0, 2.0]
Velocity: [1709282210.438668,0.0, 0.0, 2.0]
Velocity: [1709282210.4764743,0.0, 0.0, 2.0]
Velocity: [1709282210.5162117,0.0, 0.0, 2.0]
Velocity: [1709282210.5341344,0.0, 0.0, 2.0]
Velocity: [1709282210.5677862,0.0, 0.0, 2.0]
Velocity: [1709282210.605788,0.0, 0.0, 2.0]
Velocity: [1709282210.6233492,0.0, 0.0, 2.0]
Velocity: [1709282210.660553,0.0, 0.0, 2.0]
Velocity: [1709282210.691121,0.0, 0.0, 2.0]
Velocity: [1709282210.7359896,0.0, 0.0, 2.0]
Velocity: [1709282210.7616405,0.0, 0.0, 2.0]
Velocity: [1709282210.7962797,0.0, 0.0, 2.0]
Velocity: [1709282210.8268106,0.0, 0.0, 2.0]
Velocity: [1709282210.849183,0.0, 0.0, 2.0]
Velocity: [1709282210.8808599,0.0, 0.0, 2.0]
Velocity: [1709282210.909364,0.0, 0.0, 2.0]
Velocity: [1709282210.942426,0.0, 0.0, 2.0]
Velocity: [1709282210.9759085,0.0, 0.0, 2.0]
Velocity: [1709282211.0092478,0.0, 0.0, 2.0]
Velocity: [1709282211.0433676,0.0, 0.0, 2.0]
Velocity: [1709282211.0859523,0.0, 0.0, 2.0]
Velocity: [1709282211.1145875,0.0, 0.0, 2.0]
Velocity: [1709282211.155854,0.0, 0.0, 2.0]
Velocity: [1709282211.181138,0.0, 0.0, 2.0]
Velocity: [1709282211.2022955,0.0, 0.0, 2.0]
Velocity: [1709282211.2342105,0.0, 0.0, 2.0]
Velocity: [1709282211.2695599,0.0, 0.0, 2.0]
Velocity: [1709282211.301093,0.0, 0.0, 2.0]
Velocity: [1709282211.3355532,0.0, 0.0, 2.0]
Velocity: [1709282211.3644085,0.0, 0.0, 2.0]
Velocity: [1709282211.3975894,0.0, 0.0, 2.0]
Velocity: [1709282211.4263165,0.0, 0.0, 2.0]
Velocity: [1709282211.4588633,0.0, 0.0, 2.0]
Velocity: [1709282211.485949,0.0, 0.0, 2.0]
Velocity: [1709282211.523083,0.0, 0.0, 2.0]
Velocity: [1709282211.5497303,0.0, 0.0, 2.0]
Velocity: [1709282211.5846202,0.0, 0.0, 2.0]
Velocity: [1709282211.625901,0.0, 0.0, 2.0]
Velocity: [1709282211.6527026,0.0, 0.0, 2.0]
Velocity: [1709282211.6983166,0.0, 0.0, 2.0]
Velocity: [1709282211.717651,0.0, 0.0, 2.0]
Velocity: [1709282211.7588375,0.0, 0.0, 2.0]
Velocity: [1709282211.7914844,0.0, 0.0, 2.0]
Velocity: [1709282211.97693,0.0, 0.0, 2.0]
Velocity: [1709282211.9775012,0.0, 0.0, 2.0]
Velocity: [1709282211.9826229,0.0, 0.0, 2.0]
Velocity: [1709282211.9828815,0.0, 0.0, 2.0]
Velocity: [1709282211.98306,0.0, 0.0, 2.0]
Velocity: [1709282211.9832327,0.0, 0.0, 2.0]
Velocity: [1709282212.0288804,0.0, 0.0, 2.0]
Velocity: [1709282212.0576317,0.0, 0.0, 2.0]
Velocity: [1709282212.0860858,0.0, 0.0, 2.0]
Velocity: [1709282212.121268,0.0, 0.0, 2.0]
Velocity: [1709282212.1454337,0.0, 0.0, 2.0]
Velocity: [1709282212.1887944,0.0, 0.0, 2.0]
Velocity: [1709282212.2116692,0.0, 0.0, 2.0]
Velocity: [1709282212.2485309,0.0, 0.0, 2.0]
Velocity: [1709282212.2794085,0.0, 0.0, 2.0]
Velocity: [1709282212.3103552,0.0, 0.0, 2.0]
Velocity: [1709282212.3500707,0.0, 0.0, 2.0]
Velocity: [1709282212.3763745,0.0, 0.0, 2.0]
Velocity: [1709282212.3945837,0.0, 0.0, 0.0]
Velocity: [1709282212.6061218,0.0, 0.0, 0.0]
Velocity: [1709282212.8257143,0.0, 0.0, 0.0]
Velocity: [1709282212.9400203,0.0, 0.0, 2.0]
Velocity: [1709282213.4398377,0.0, 0.0, 2.0]
Velocity: [1709282213.474886,0.0, 0.0, 2.0]
Velocity: [1709282213.5161614,0.0, 0.0, 2.0]
Velocity: [1709282213.5440903,0.0, 0.0, 2.0]
Velocity: [1709282213.584704,0.0, 0.0, 2.0]
Velocity: [1709282213.6047335,0.0, 0.0, 2.0]
Velocity: [1709282213.631599,0.0, 0.0, 2.0]
Velocity: [1709282213.6635904,0.0, 0.0, 2.0]
Velocity: [1709282213.6973014,0.0, 0.0, 2.0]
Velocity: [1709282213.7297194,0.0, 0.0, 2.0]
Velocity: [1709282213.7609785,0.0, 0.0, 2.0]
Velocity: [1709282213.7983062,0.0, 0.0, 2.0]
Velocity: [1709282213.8396182,0.0, 0.0, 2.0]
Velocity: [1709282213.860991,0.0, 0.0, 2.0]
Velocity: [1709282213.8988528,0.0, 0.0, 2.0]
Velocity: [1709282213.919906,0.0, 0.0, 2.0]
Velocity: [1709282213.9552786,0.0, 0.0, 2.0]
Velocity: [1709282213.9895728,0.0, 0.0, 2.0]
Velocity: [1709282214.0349185,0.0, 0.0, 2.0]
Velocity: [1709282214.0662596,0.0, 0.0, 2.0]
Velocity: [1709282214.0873272,0.0, 0.0, 2.0]
Velocity: [1709282214.1253994,0.0, 0.0, 2.0]
Velocity: [1709282214.1609883,0.0, 0.0, 2.0]
Velocity: [1709282214.197509,0.0, 0.0, 2.0]
Velocity: [1709282214.2209444,0.0, 0.0, 2.0]
Velocity: [1709282214.2576168,0.0, 0.0, 2.0]
Velocity: [1709282214.2891908,0.0, 0.0, 2.0]
Velocity: [1709282214.325803,0.0, 0.0, 2.0]
Velocity: [1709282214.3574917,0.0, 0.0, 2.0]
Velocity: [1709282214.3863497,0.0, 0.0, 2.0]
Velocity: [1709282214.4244924,0.0, 0.0, 2.0]
Velocity: [1709282214.464811,0.0, 0.0, 2.0]
Velocity: [1709282214.4889126,0.0, 0.0, 2.0]
Velocity: [1709282214.5305092,0.0, 0.0, 2.0]
Velocity: [1709282214.561345,0.0, 0.0, 2.0]
Velocity: [1709282214.5932536,0.0, 0.0, 2.0]
Velocity: [1709282214.6218905,0.0, 0.0, 2.0]
Velocity: [1709282214.678481,0.0, 0.0, 2.0]
Velocity: [1709282214.7001686,0.0, 0.0, 2.0]
Velocity: [1709282214.74768,0.0, 0.0, 2.0]
Velocity: [1709282214.7596602,0.0, 0.0, 2.0]
Velocity: [1709282214.793319,0.0, 0.0, 2.0]
Velocity: [1709282214.835884,0.0, 0.0, 2.0]
Velocity: [1709282214.8612661,0.0, 0.0, 2.0]
Velocity: [1709282214.8913407,0.0, 0.0, 2.0]
Velocity: [1709282214.928597,0.0, 0.0, 2.0]
Velocity: [1709282214.9659579,0.0, 0.0, 2.0]
Velocity: [1709282214.994442,0.0, 0.0, 2.0]
Velocity: [1709282215.042186,0.0, 0.0, 2.0]
Velocity: [1709282215.0837903,0.0, 0.0, 2.0]
Velocity: [1709282215.10261,0.0, 0.0, 2.0]
Velocity: [1709282215.142783,0.0, 0.0, 2.0]
Velocity: [1709282215.1783938,0.0, 0.0, 2.0]
Velocity: [1709282215.1998663,0.0, 0.0, 2.0]
Velocity: [1709282215.2397006,0.0, 0.0, 2.0]
Velocity: [1709282215.2621918,0.0, 0.0, 2.0]
Velocity: [1709282215.3020275,0.0, 0.0, 2.0]
Velocity: [1709282215.3508964,0.0, 0.0, 2.0]
Velocity: [1709282215.3700812,0.0, 0.0, 2.0]
Velocity: [1709282215.4024012,0.0, 0.0, 2.0]
Velocity: [1709282215.5877037,0.0, 0.0, 2.0]
Velocity: [1709282215.5881064,0.0, 0.0, 2.0]
Velocity: [1709282215.58835,0.0, 0.0, 2.0]
Velocity: [1709282215.5887449,0.0, 0.0, 2.0]
Velocity: [1709282215.5889587,0.0, 0.0, 2.0]
Velocity: [1709282215.6175203,0.0, 0.0, 2.0]
Velocity: [1709282215.6397324,0.0, 0.0, 2.0]
Velocity: [1709282215.6745222,0.0, 0.0, 2.0]
Velocity: [1709282215.7084193,0.0, 0.0, 2.0]
Velocity: [1709282215.7362237,0.0, 0.0, 2.0]
Velocity: [1709282215.7708852,0.0, 0.0, 2.0]
Velocity: [1709282215.8146458,0.0, 0.0, 2.0]
Velocity: [1709282215.8407636,0.0, 0.0, 2.0]
Velocity: [1709282215.8772984,0.0, 0.0, 2.0]
Velocity: [1709282215.913838,0.0, 0.0, 2.0]
Velocity: [1709282215.9523273,0.0, 0.0, 2.0]
Velocity: [1709282215.9856346,0.0, 0.0, 2.0]
Velocity: [1709282216.0105965,0.0, 0.0, 2.0]
Velocity: [1709282216.0391343,0.0, 0.0, 2.0]
Velocity: [1709282216.0781298,0.0, 0.0, 2.0]
Velocity: [1709282216.115622,0.0, 0.0, 2.0]
Velocity: [1709282216.1398182,0.0, 0.0, 2.0]
Velocity: [1709282216.176003,0.0, 0.0, 2.0]
Velocity: [1709282216.2063878,0.0, 0.0, 2.0]
Velocity: [1709282216.2498138,0.0, 0.0, 2.0]
Velocity: [1709282216.275577,0.0, 0.0, 2.0]
Velocity: [1709282216.2985857,0.0, 0.0, 2.0]
Velocity: [1709282216.3289828,0.0, 0.0, 2.0]
Velocity: [1709282216.3734436,0.0, 0.0, 2.0]
Velocity: [1709282216.4022603,0.0, 0.0, 2.0]
Velocity: [1709282216.4495149,0.0, 0.0, 2.0]
Velocity: [1709282216.4716835,0.0, 0.0, 2.0]
Velocity: [1709282216.5064456,0.0, 0.0, 2.0]
Velocity: [1709282216.547113,0.0, 0.0, 2.0]
Velocity: [1709282216.5651412,0.0, 0.0, 2.0]
Velocity: [1709282216.6022756,0.0, 0.0, 2.0]
Velocity: [1709282216.6335618,0.0, 0.0, 2.0]
Velocity: [1709282216.6761923,0.0, 0.0, 2.0]
Velocity: [1709282216.7072341,0.0, 0.0, 2.0]
Velocity: [1709282216.7316983,0.0, 0.0, 2.0]
Velocity: [1709282216.7574406,0.0, 0.0, 2.0]
Velocity: [1709282216.7906358,0.0, 0.0, 2.0]
Velocity: [1709282216.8223474,0.0, 0.0, 2.0]
Velocity: [1709282216.848034,0.0, 0.0, 2.0]
Velocity: [1709282216.8919442,0.0, 0.0, 2.0]
Velocity: [1709282216.9165843,0.0, 0.0, 2.0]
Velocity: [1709282216.949159,0.0, 0.0, 2.0]
Velocity: [1709282216.9817617,0.0, 0.0, 2.0]
Velocity: [1709282217.0188413,0.0, 0.0, 2.0]
Velocity: [1709282217.0663059,0.0, 0.0, 2.0]
Velocity: [1709282217.0868278,0.0, 0.0, 2.0]
Velocity: [1709282217.1215568,0.0, 0.0, 2.0]
Velocity: [1709282217.152886,0.0, 0.0, 2.0]
Velocity: [1709282217.1876488,0.0, 0.0, 2.0]
Velocity: [1709282217.2165177,0.0, 0.0, 2.0]
Velocity: [1709282217.2502868,0.0, 0.0, 2.0]
Velocity: [1709282217.2950945,0.0, 0.0, 2.0]
Velocity: [1709282217.3219543,0.0, 0.0, 2.0]
Velocity: [1709282217.3626158,0.0, 0.0, 2.0]
Velocity: [1709282217.3845103,0.0, 0.0, 2.0]
Velocity: [1709282217.416251,0.0, 0.0, 2.0]
Velocity: [1709282217.458804,0.0, 0.0, 2.0]
Velocity: [1709282217.4792068,0.0, 0.0, 2.0]
Velocity: [1709282217.5159032,0.0, 0.0, 2.0]
Velocity: [1709282217.5702963,0.0, 0.0, 2.0]
Velocity: [1709282217.5848985,0.0, 0.0, 2.0]
Velocity: [1709282217.6239166,0.0, 0.0, 2.0]
Velocity: [1709282217.6546743,0.0, 0.0, 2.0]
Velocity: [1709282217.6931615,0.0, 0.0, 2.0]
Velocity: [1709282217.7265074,0.0, 0.0, 2.0]
Velocity: [1709282217.7673635,0.0, 0.0, 2.0]
Velocity: [1709282217.7889984,0.0, 0.0, 2.0]
Velocity: [1709282217.821367,0.0, 0.0, 2.0]
Velocity: [1709282217.84885,0.0, 0.0, 2.0]
Velocity: [1709282217.9039216,0.0, 0.0, 2.0]
Velocity: [1709282217.9342108,0.0, 0.0, 2.0]
Velocity: [1709282217.9586637,0.0, 0.0, 2.0]
Velocity: [1709282217.99223,0.0, 0.0, 2.0]
Velocity: [1709282218.0378065,0.0, 0.0, 2.0]
Velocity: [1709282218.061842,0.0, 0.0, 2.0]
Velocity: [1709282218.0972204,0.0, 0.0, 2.0]
Velocity: [1709282218.1290271,0.0, 0.0, 2.0]
Velocity: [1709282218.1581774,0.0, 0.0, 2.0]
Velocity: [1709282218.197153,0.0, 0.0, 2.0]
Velocity: [1709282218.2403545,0.0, 0.0, 2.0]
Velocity: [1709282218.261049,0.0, 0.0, 2.0]
Velocity: [1709282218.2974732,0.0, 0.0, 2.0]
Velocity: [1709282218.3255525,0.0, 0.0, 2.0]
Velocity: [1709282218.3678725,0.0, 0.0, 2.0]
Velocity: [1709282218.3875873,0.0, 0.0, 2.0]
Velocity: [1709282218.4222972,0.0, 0.0, 2.0]
Velocity: [1709282218.4550736,0.0, 0.0, 2.0]
Velocity: [1709282218.4845624,0.0, 0.0, 2.0]
Velocity: [1709282218.526545,0.0, 0.0, 2.0]
Velocity: [1709282218.5599437,0.0, 0.0, 2.0]
Velocity: [1709282218.592024,0.0, 0.0, 2.0]
Velocity: [1709282218.6209886,0.0, 0.0, 2.0]
Velocity: [1709282218.6409385,0.0, 0.0, 2.0]
Velocity: [1709282218.6758635,0.0, 0.0, 2.0]
Velocity: [1709282218.7075408,0.0, 0.0, 2.0]
Velocity: [1709282218.7500646,0.0, 0.0, 2.0]
Velocity: [1709282218.7807603,0.0, 0.0, 2.0]
Velocity: [1709282218.809872,0.0, 0.0, 2.0]
Velocity: [1709282218.8416858,0.0, 0.0, 2.0]
Velocity: [1709282218.8746238,0.0, 0.0, 2.0]
Velocity: [1709282218.9247491,0.0, 0.0, 2.0]
Velocity: [1709282218.94449,0.0, 0.0, 2.0]
Velocity: [1709282218.9781532,0.0, 0.0, 2.0]
Velocity: [1709282219.0113847,0.0, 0.0, 2.0]
Velocity: [1709282219.0410078,0.0, 0.0, 2.0]
Velocity: [1709282219.0771236,0.0, 0.0, 2.0]
Velocity: [1709282219.1096897,0.0, 0.0, 2.0]
Velocity: [1709282219.1392322,0.0, 0.0, 2.0]
Velocity: [1709282219.1704166,0.0, 0.0, 2.0]
Velocity: [1709282219.2023315,0.0, 0.0, 2.0]
Velocity: [1709282219.244878,0.0, 0.0, 2.0]
Velocity: [1709282219.279695,0.0, 0.0, 2.0]
Velocity: [1709282219.3020658,0.0, 0.0, 2.0]
Velocity: [1709282219.3317761,0.0, 0.0, 2.0]
Velocity: [1709282219.37648,0.0, 0.0, 2.0]
Velocity: [1709282219.403733,0.0, 0.0, 2.0]
Velocity: [1709282219.434322,0.0, 0.0, 2.0]
Velocity: [1709282219.4587417,0.0, 0.0, 2.0]
Velocity: [1709282219.496988,0.0, 0.0, 2.0]
Velocity: [1709282219.5347931,0.0, 0.0, 2.0]
Velocity: [1709282219.5655332,0.0, 0.0, 2.0]
Velocity: [1709282219.5917015,0.0, 0.0, 2.0]
Velocity: [1709282219.6356633,0.0, 0.0, 2.0]
Velocity: [1709282219.664279,0.0, 0.0, 2.0]
Velocity: [1709282219.6950219,0.0, 0.0, 2.0]
Velocity: [1709282219.842529,0.0, 0.0, 2.0]
Velocity: [1709282219.8428757,0.0, 0.0, 2.0]
Velocity: [1709282219.8430538,0.0, 0.0, 2.0]
Velocity: [1709282219.8432267,0.0, 0.0, 2.0]
Velocity: [1709282219.86003,0.0, 0.0, 2.0]
Velocity: [1709282219.8945856,0.0, 0.0, 2.0]
Velocity: [1709282219.921525,0.0, 0.0, 2.0]
Velocity: [1709282219.9639332,0.0, 0.0, 2.0]
Velocity: [1709282219.9888127,0.0, 0.0, 2.0]
Velocity: [1709282220.0237768,0.0, 0.0, 2.0]
Velocity: [1709282220.0494409,0.0, 0.0, 2.0]
Velocity: [1709282220.0814445,0.0, 0.0, 2.0]
Velocity: [1709282220.1179607,0.0, 0.0, 2.0]
Velocity: [1709282220.1432643,0.0, 0.0, 2.0]
Velocity: [1709282220.1813433,0.0, 0.0, 2.0]
Velocity: [1709282220.2256103,0.0, 0.0, 2.0]
Velocity: [1709282220.267839,0.0, 0.0, 2.0]
Velocity: [1709282220.3048408,0.0, 0.0, 2.0]
Velocity: [1709282220.3263037,0.0, 0.0, 2.0]
Velocity: [1709282220.3574288,0.0, 0.0, 2.0]
Velocity: [1709282220.3909152,0.0, 0.0, 2.0]
Velocity: [1709282220.4276428,0.0, 0.0, 2.0]
Velocity: [1709282220.447436,0.0, 0.0, 2.0]
Velocity: [1709282220.4776652,0.0, 0.0, 2.0]
Velocity: [1709282220.5134666,0.0, 0.0, 2.0]
Velocity: [1709282220.5388262,0.0, 0.0, 2.0]
Velocity: [1709282220.5724869,0.0, 0.0, 2.0]
Velocity: [1709282220.6134672,0.0, 0.0, 2.0]
Velocity: [1709282220.636246,0.0, 0.0, 2.0]
Velocity: [1709282220.6698573,0.0, 0.0, 2.0]
Velocity: [1709282220.698727,0.0, 0.0, 2.0]
Velocity: [1709282220.7355237,0.0, 0.0, 2.0]
Velocity: [1709282220.7738874,0.0, 0.0, 2.0]
Velocity: [1709282220.7821622,0.0, 0.0, 0.0]
Velocity: [1709282220.834281,1.5, 0.0, 0.0]
Velocity: [1709282221.3395963,1.5, 0.0, 0.0]
Velocity: [1709282221.3709264,1.5, 0.0, 0.0]
Velocity: [1709282221.4039972,1.5, 0.0, 0.0]
Velocity: [1709282221.4398715,1.5, 0.0, 0.0]
Velocity: [1709282221.4721265,1.5, 0.0, 0.0]
Velocity: [1709282221.5009644,1.5, 0.0, 0.0]
Velocity: [1709282221.5356836,1.5, 0.0, 0.0]
Velocity: [1709282221.5700638,1.5, 0.0, 0.0]
Velocity: [1709282221.6007478,1.5, 0.0, 0.0]
Velocity: [1709282221.652696,1.5, 0.0, 0.0]
Velocity: [1709282221.670221,1.5, 0.0, 0.0]
Velocity: [1709282221.7032435,1.5, 0.0, 0.0]
Velocity: [1709282221.731741,1.5, 0.0, 0.0]
Velocity: [1709282221.7692661,1.5, 0.0, 0.0]
Velocity: [1709282221.806372,1.5, 0.0, 0.0]
Velocity: [1709282221.8298156,1.5, 0.0, 0.0]
Velocity: [1709282221.882539,1.5, 0.0, 0.0]
Velocity: [1709282221.9207366,1.5, 0.0, 0.0]
Velocity: [1709282221.942865,1.5, 0.0, 0.0]
Velocity: [1709282221.9802992,1.5, 0.0, 0.0]
Velocity: [1709282222.0078456,1.5, 0.0, 0.0]
Velocity: [1709282222.0424008,1.5, 0.0, 0.0]
Velocity: [1709282222.0772464,1.5, 0.0, 0.0]
Velocity: [1709282222.1169121,1.5, 0.0, 0.0]
Velocity: [1709282222.1402588,1.5, 0.0, 0.0]
Velocity: [1709282222.179405,1.5, 0.0, 0.0]
Velocity: [1709282222.2198057,1.5, 0.0, 0.0]
Velocity: [1709282222.257233,1.5, 0.0, 0.0]
Velocity: [1709282222.27715,1.5, 0.0, 0.0]
Velocity: [1709282222.3091094,1.5, 0.0, 0.0]
Velocity: [1709282222.3438659,1.5, 0.0, 0.0]
Velocity: [1709282222.389811,1.5, 0.0, 0.0]
Velocity: [1709282222.4080327,1.5, 0.0, 0.0]
Velocity: [1709282222.435484,1.5, 0.0, 0.0]
Velocity: [1709282222.4695323,1.5, 0.0, 0.0]
Velocity: [1709282222.5035899,1.5, 0.0, 0.0]
Velocity: [1709282222.5417292,1.5, 0.0, 0.0]
Velocity: [1709282222.5716865,1.5, 0.0, 0.0]
Velocity: [1709282222.6229954,1.5, 0.0, 0.0]
Velocity: [1709282222.6512988,1.5, 0.0, 0.0]
Velocity: [1709282222.696448,1.5, 0.0, 0.0]
Velocity: [1709282222.7342622,1.5, 0.0, 0.0]
Velocity: [1709282222.7669165,1.5, 0.0, 0.0]
Velocity: [1709282222.7999303,1.5, 0.0, 0.0]
Velocity: [1709282222.8340347,1.5, 0.0, 0.0]
Velocity: [1709282222.8535378,1.5, 0.0, 0.0]
Velocity: [1709282222.8885274,1.5, 0.0, 0.0]
Velocity: [1709282222.9194193,1.5, 0.0, 0.0]
Velocity: [1709282222.948962,1.5, 0.0, 0.0]
Velocity: [1709282223.0067422,1.5, 0.0, 0.0]
Velocity: [1709282223.0251431,1.5, 0.0, 0.0]
Velocity: [1709282223.070585,1.5, 0.0, 0.0]
Velocity: [1709282223.0918987,1.5, 0.0, 0.0]
Velocity: [1709282223.1208448,1.5, 0.0, 0.0]
Velocity: [1709282223.161643,1.5, 0.0, 0.0]
Velocity: [1709282223.1950479,1.5, 0.0, 0.0]
Velocity: [1709282223.225149,1.5, 0.0, 0.0]
Velocity: [1709282223.246568,1.5, 0.0, 0.0]
Velocity: [1709282223.278722,1.5, 0.0, 0.0]
Velocity: [1709282223.4445474,1.5, 0.0, 0.0]
Velocity: [1709282223.4449522,1.5, 0.0, 0.0]
Velocity: [1709282223.445218,1.5, 0.0, 0.0]
Velocity: [1709282223.4454615,1.5, 0.0, 0.0]
Velocity: [1709282223.445654,1.5, 0.0, 0.0]
Velocity: [1709282223.4853766,1.5, 0.0, 0.0]
Velocity: [1709282223.5022073,1.5, 0.0, 0.0]
Velocity: [1709282223.5358903,1.5, 0.0, 0.0]
Velocity: [1709282223.5832703,1.5, 0.0, 0.0]
Velocity: [1709282223.6267817,1.5, 0.0, 0.0]
Velocity: [1709282223.6420557,1.5, 0.0, 0.0]
Velocity: [1709282223.67188,1.5, 0.0, 0.0]
Velocity: [1709282223.7052593,1.5, 0.0, 0.0]
Velocity: [1709282223.7377641,1.5, 0.0, 0.0]
Velocity: [1709282223.7652686,1.5, 0.0, 0.0]
Velocity: [1709282223.7967043,1.5, 0.0, 0.0]
Velocity: [1709282223.8467906,1.5, 0.0, 0.0]
Velocity: [1709282223.8690531,1.5, 0.0, 0.0]
Velocity: [1709282223.916631,1.5, 0.0, 0.0]
Velocity: [1709282223.959545,1.5, 0.0, 0.0]
Velocity: [1709282223.9798634,1.5, 0.0, 0.0]
Velocity: [1709282224.0147138,1.5, 0.0, 0.0]
Velocity: [1709282224.0484142,1.5, 0.0, 0.0]
Velocity: [1709282224.0750651,1.5, 0.0, 0.0]
Velocity: [1709282224.1150591,1.5, 0.0, 0.0]
Velocity: [1709282224.1476727,1.5, 0.0, 0.0]
Velocity: [1709282224.1789634,1.5, 0.0, 0.0]
Velocity: [1709282224.2035625,1.5, 0.0, 0.0]
Velocity: [1709282224.2567782,1.5, 0.0, 0.0]
Velocity: [1709282224.289796,1.5, 0.0, 0.0]
Velocity: [1709282224.3139195,1.5, 0.0, 0.0]
Velocity: [1709282224.3446534,1.5, 0.0, 0.0]
Velocity: [1709282224.3723364,1.5, 0.0, 0.0]
Velocity: [1709282224.4032543,1.5, 0.0, 0.0]
Velocity: [1709282224.444205,1.5, 0.0, 0.0]
Velocity: [1709282224.4640303,1.5, 0.0, 0.0]
Velocity: [1709282224.513179,1.5, 0.0, 0.0]
Velocity: [1709282224.543939,1.5, 0.0, 0.0]
Velocity: [1709282224.580649,1.5, 0.0, 0.0]
Velocity: [1709282224.6070938,1.5, 0.0, 0.0]
Velocity: [1709282224.6367726,1.5, 0.0, 0.0]
Velocity: [1709282224.6704743,1.5, 0.0, 0.0]
Velocity: [1709282224.7004583,1.5, 0.0, 0.0]
Velocity: [1709282224.7371154,1.5, 0.0, 0.0]
Velocity: [1709282224.7628198,1.5, 0.0, 0.0]
Velocity: [1709282224.809998,1.5, 0.0, 0.0]
Velocity: [1709282224.8406603,1.5, 0.0, 0.0]
Velocity: [1709282224.8835208,1.5, 0.0, 0.0]
Velocity: [1709282224.9015753,1.5, 0.0, 0.0]
Velocity: [1709282224.9288383,1.5, 0.0, 0.0]
Velocity: [1709282224.9616299,1.5, 0.0, 0.0]
Velocity: [1709282225.001242,1.5, 0.0, 0.0]
Velocity: [1709282225.0631666,1.5, 0.0, 0.0]
Velocity: [1709282225.0864663,1.5, 0.0, 0.0]
Velocity: [1709282225.1182513,1.5, 0.0, 0.0]
Velocity: [1709282225.1604843,1.5, 0.0, 0.0]
Velocity: [1709282225.1830332,1.5, 0.0, 0.0]
Velocity: [1709282225.2083123,1.5, 0.0, 0.0]
Velocity: [1709282225.2400615,1.5, 0.0, 0.0]
Velocity: [1709282225.2712429,1.5, 0.0, 0.0]
Velocity: [1709282225.3295548,1.5, 0.0, 0.0]
Velocity: [1709282225.351051,1.5, 0.0, 0.0]
Velocity: [1709282225.3893323,1.5, 0.0, 0.0]
Velocity: [1709282225.417993,1.5, 0.0, 0.0]
Velocity: [1709282225.4558783,1.5, 0.0, 0.0]
Velocity: [1709282225.492621,1.5, 0.0, 0.0]
Velocity: [1709282225.5260727,1.5, 0.0, 0.0]
Velocity: [1709282225.5479393,1.5, 0.0, 0.0]
Velocity: [1709282225.579275,1.5, 0.0, 0.0]
Velocity: [1709282225.6108463,1.5, 0.0, 0.0]
Velocity: [1709282225.6506698,1.5, 0.0, 0.0]
Velocity: [1709282225.6805236,1.5, 0.0, 0.0]
Velocity: [1709282225.7128165,1.5, 0.0, 0.0]
Velocity: [1709282225.74289,1.5, 0.0, 0.0]
Velocity: [1709282225.7789757,1.5, 0.0, 0.0]
Velocity: [1709282225.8038619,1.5, 0.0, 0.0]
Velocity: [1709282225.8421273,1.5, 0.0, 0.0]
Velocity: [1709282225.8805654,1.5, 0.0, 0.0]
Velocity: [1709282225.9057121,1.5, 0.0, 0.0]
Velocity: [1709282225.934172,1.5, 0.0, 0.0]
Velocity: [1709282225.970927,1.5, 0.0, 0.0]
Velocity: [1709282225.9940047,1.5, 0.0, 0.0]
Velocity: [1709282226.0305638,1.5, 0.0, 0.0]
Velocity: [1709282226.0598395,1.5, 0.0, 0.0]
Velocity: [1709282226.0943196,1.5, 0.0, 0.0]
Velocity: [1709282226.1229134,1.5, 0.0, 0.0]
Velocity: [1709282226.1747904,1.5, 0.0, 0.0]
Velocity: [1709282226.2003682,1.5, 0.0, 0.0]
Velocity: [1709282226.2255318,1.5, 0.0, 0.0]
Velocity: [1709282226.2541044,1.5, 0.0, 0.0]
Velocity: [1709282226.2861373,1.5, 0.0, 0.0]
Velocity: [1709282226.3185065,1.5, 0.0, 0.0]
Velocity: [1709282226.3610423,1.5, 0.0, 0.0]
Velocity: [1709282226.3925009,1.5, 0.0, 0.0]
Velocity: [1709282226.4218485,1.5, 0.0, 0.0]
Velocity: [1709282226.456972,1.5, 0.0, 0.0]
Velocity: [1709282226.494023,1.5, 0.0, 0.0]
Velocity: [1709282226.5196655,1.5, 0.0, 0.0]
Velocity: [1709282226.552665,1.5, 0.0, 0.0]
Velocity: [1709282226.578646,1.5, 0.0, 0.0]
Velocity: [1709282226.6107173,1.5, 0.0, 0.0]
Velocity: [1709282226.656765,1.5, 0.0, 0.0]
Velocity: [1709282226.681377,1.5, 0.0, 0.0]
Velocity: [1709282226.7070143,1.5, 0.0, 0.0]
Velocity: [1709282226.7476442,1.5, 0.0, 0.0]
Velocity: [1709282226.7790604,1.5, 0.0, 0.0]
Velocity: [1709282226.8165107,1.5, 0.0, 0.0]
Velocity: [1709282226.8446264,1.5, 0.0, 0.0]
Velocity: [1709282226.8746781,1.5, 0.0, 0.0]
Velocity: [1709282226.9016485,1.5, 0.0, 0.0]
Velocity: [1709282226.9342563,1.5, 0.0, 0.0]
Velocity: [1709282226.964402,1.5, 0.0, 0.0]
Velocity: [1709282226.9899838,1.5, 0.0, 0.0]
Velocity: [1709282227.0247815,1.5, 0.0, 0.0]
Velocity: [1709282227.0714207,1.5, 0.0, 0.0]
Velocity: [1709282227.094076,1.5, 0.0, 0.0]
Velocity: [1709282227.1382382,1.5, 0.0, 0.0]
Velocity: [1709282227.167031,1.5, 0.0, 0.0]
Velocity: [1709282227.3955307,1.5, 0.0, 0.0]
Velocity: [1709282227.395904,1.5, 0.0, 0.0]
Velocity: [1709282227.396154,1.5, 0.0, 0.0]
Velocity: [1709282227.396334,1.5, 0.0, 0.0]
Velocity: [1709282227.3965085,1.5, 0.0, 0.0]
Velocity: [1709282227.3966866,1.5, 0.0, 0.0]
Velocity: [1709282227.396861,1.5, 0.0, 0.0]
Velocity: [1709282227.4213398,1.5, 0.0, 0.0]
Velocity: [1709282227.4564795,1.5, 0.0, 0.0]
Velocity: [1709282227.4923604,1.5, 0.0, 0.0]
Velocity: [1709282227.5218937,1.5, 0.0, 0.0]
Velocity: [1709282227.5646124,1.5, 0.0, 0.0]
Velocity: [1709282227.5813155,1.5, 0.0, 0.0]
Velocity: [1709282227.6210608,1.5, 0.0, 0.0]
Velocity: [1709282227.6278203,0.0, 0.0, 0.0]
Velocity: [1709282227.8639894,0.0, 0.0, 0.0]
Velocity: [1709282228.121818,0.0, 0.0, 0.0]
Velocity: [1709282228.2709675,0.0, 0.0, 0.0]
Velocity: [1709282228.4874637,0.0, 0.0, 0.0]
Velocity: [1709282228.7106643,0.0, 0.0, 0.0]
Velocity: [1709282228.917245,0.0, 0.0, 0.0]
Velocity: [1709282229.122497,0.0, 0.0, 0.0]
Velocity: [1709282229.3400521,0.0, 0.0, 0.0]
Velocity: [1709282229.56388,0.0, 0.0, 0.0]
Velocity: [1709282229.7189717,0.0, 0.0, 0.0]
Velocity: [1709282229.937304,0.0, 0.0, 0.0]
Velocity: [1709282230.206466,0.0, 0.0, 0.0]
Velocity: [1709282230.3551943,0.0, 0.0, 0.0]
Velocity: [1709282230.7396092,0.0, 0.0, 0.0]
Velocity: [1709282230.9846356,0.0, 0.0, 0.0]
Velocity: [1709282231.1740656,0.0, 0.0, 0.0]
Velocity: [1709282231.3534372,0.0, 0.0, 0.0]
Velocity: [1709282231.551371,0.0, 0.0, 0.0]
Velocity: [1709282231.7649884,0.0, 0.0, 0.0]
Velocity: [1709282231.9685547,0.0, 0.0, 0.0]
Velocity: [1709282232.1815333,0.0, 0.0, 0.0]
Velocity: [1709282232.4787202,0.0, 0.0, 0.0]
Velocity: [1709282232.634518,0.0, 0.0, 0.0]
Velocity: [1709282232.8326359,0.0, 0.0, 0.0]
Velocity: [1709282233.0770948,0.0, 0.0, 0.0]
Velocity: [1709282233.2859473,0.0, 0.0, 0.0]
Velocity: [1709282233.5019624,0.0, 0.0, 0.0]
Velocity: [1709282233.708324,0.0, 0.0, 0.0]
Velocity: [1709282233.8872015,0.0, 0.0, 0.0]
Velocity: [1709282234.1656125,0.0, 0.0, 0.0]
Velocity: [1709282234.2932546,0.0, 0.0, 0.0]
Velocity: [1709282234.5356486,0.0, 0.0, 0.0]
Velocity: [1709282234.6818018,0.0, 0.0, 0.0]
Velocity: [1709282235.1009462,0.0, 0.0, 0.0]
Velocity: [1709282235.3116398,0.0, 0.0, 0.0]
Velocity: [1709282235.5106502,0.0, 0.0, 0.0]
Velocity: [1709282235.7781882,0.0, 0.0, 0.0]
Velocity: [1709282235.927592,0.0, 0.0, 0.0]
Velocity: [1709282245.2299302,0.0, 0.0, 2.0]
Velocity: [1709282245.7316737,0.0, 0.0, 2.0]
Velocity: [1709282245.7702243,0.0, 0.0, 2.0]
Velocity: [1709282245.8236377,0.0, 0.0, 2.0]
Velocity: [1709282245.852958,0.0, 0.0, 2.0]
Velocity: [1709282245.8785052,0.0, 0.0, 2.0]
Velocity: [1709282245.9164836,0.0, 0.0, 2.0]
Velocity: [1709282245.9487386,0.0, 0.0, 2.0]
Velocity: [1709282245.9861703,0.0, 0.0, 2.0]
Velocity: [1709282246.0104966,0.0, 0.0, 2.0]
Velocity: [1709282246.0372107,0.0, 0.0, 2.0]
Velocity: [1709282246.0734143,0.0, 0.0, 2.0]
Velocity: [1709282246.1033592,0.0, 0.0, 2.0]
Velocity: [1709282246.1331112,0.0, 0.0, 2.0]
Velocity: [1709282246.1666417,0.0, 0.0, 2.0]
Velocity: [1709282246.1942413,0.0, 0.0, 2.0]
Velocity: [1709282246.232606,0.0, 0.0, 2.0]
Velocity: [1709282246.2739687,0.0, 0.0, 2.0]
Velocity: [1709282246.296611,0.0, 0.0, 2.0]
Velocity: [1709282246.330255,0.0, 0.0, 2.0]
Velocity: [1709282246.335038,0.0, 0.0, 0.0]
Velocity: [1709282246.5493295,0.0, 0.0, 0.0]
Velocity: [1709282246.76002,0.0, 0.0, 0.0]
Velocity: [1709282246.9523852,0.0, 0.0, -2.0]
Velocity: [1709282247.0273006,0.0, 0.0, 0.0]
Velocity: [1709282247.229412,0.0, 0.0, 0.0]
Velocity: [1709282247.4930246,0.0, 0.0, 0.0]
