Velocity: [1709259961.287173,1.5, 0.0, 0.0]
Velocity: [1709259961.6338804,1.5, 0.0, 0.0]
Velocity: [1709259961.66275,1.5, 0.0, 0.0]
Velocity: [1709259961.6978874,1.5, 0.0, 0.0]
Velocity: [1709259961.7266293,1.5, 0.0, 0.0]
Velocity: [1709259961.7662508,1.5, 0.0, 0.0]
Velocity: [1709259961.7864177,1.5, 0.0, 0.0]
Velocity: [1709259961.8218255,1.5, 0.0, 0.0]
Velocity: [1709259961.8489127,1.5, 0.0, 0.0]
Velocity: [1709259961.8780408,1.5, 0.0, 0.0]
Velocity: [1709259961.9199693,1.5, 0.0, 0.0]
Velocity: [1709259961.954112,1.5, 0.0, 0.0]
Velocity: [1709259961.972143,1.5, 0.0, 0.0]
Velocity: [1709259962.0024054,1.5, 0.0, 0.0]
Velocity: [1709259962.0355277,1.5, 0.0, 0.0]
Velocity: [1709259962.0762787,1.5, 0.0, 0.0]
Velocity: [1709259962.1000273,1.5, 0.0, 0.0]
Velocity: [1709259962.147306,1.5, 0.0, 0.0]
Velocity: [1709259962.1773965,1.5, 0.0, 0.0]
Velocity: [1709259962.2256749,1.5, 0.0, 0.0]
Velocity: [1709259962.255973,1.5, 0.0, 0.0]
Velocity: [1709259962.2784514,1.5, 0.0, 0.0]
Velocity: [1709259962.3056443,1.5, 0.0, 0.0]
Velocity: [1709259962.3551283,1.5, 0.0, 0.0]
Velocity: [1709259962.3884346,1.5, 0.0, 0.0]
Velocity: [1709259962.4163227,1.5, 0.0, 0.0]
Velocity: [1709259962.4556825,1.5, 0.0, 0.0]
Velocity: [1709259962.49365,1.5, 0.0, 0.0]
Velocity: [1709259962.5297153,1.5, 0.0, 0.0]
Velocity: [1709259962.5562935,1.5, 0.0, 0.0]
Velocity: [1709259962.5882738,1.5, 0.0, 0.0]
Velocity: [1709259962.6178968,1.5, 0.0, 0.0]
Velocity: [1709259962.6474829,1.5, 0.0, 0.0]
Velocity: [1709259962.6853094,1.5, 0.0, 0.0]
Velocity: [1709259962.7180705,1.5, 0.0, 0.0]
Velocity: [1709259962.7721293,1.5, 0.0, 0.0]
Velocity: [1709259962.804547,1.5, 0.0, 0.0]
Velocity: [1709259962.8367376,1.5, 0.0, 0.0]
Velocity: [1709259962.862756,1.5, 0.0, 0.0]
Velocity: [1709259962.909885,1.5, 0.0, 0.0]
Velocity: [1709259962.9303176,1.5, 0.0, 0.0]
Velocity: [1709259962.9648206,1.5, 0.0, 0.0]
Velocity: [1709259963.0015607,1.5, 0.0, 0.0]
Velocity: [1709259963.0359528,1.5, 0.0, 0.0]
Velocity: [1709259963.064082,1.5, 0.0, 0.0]
Velocity: [1709259963.0906532,1.5, 0.0, 0.0]
Velocity: [1709259963.1368504,1.5, 0.0, 0.0]
Velocity: [1709259963.1594446,1.5, 0.0, 0.0]
Velocity: [1709259963.1867383,1.5, 0.0, 0.0]
Velocity: [1709259963.2292495,1.5, 0.0, 0.0]
Velocity: [1709259963.2575881,1.5, 0.0, 0.0]
Velocity: [1709259963.2827356,1.5, 0.0, 0.0]
Velocity: [1709259963.3155127,1.5, 0.0, 0.0]
Velocity: [1709259963.3560507,1.5, 0.0, 0.0]
Velocity: [1709259963.3910244,1.5, 0.0, 0.0]
Velocity: [1709259963.4113393,1.5, 0.0, 0.0]
Velocity: [1709259963.4464884,1.5, 0.0, 0.0]
Velocity: [1709259963.4709249,1.5, 0.0, 0.0]
Velocity: [1709259963.5035036,1.5, 0.0, 0.0]
Velocity: [1709259963.551665,1.5, 0.0, 0.0]
Velocity: [1709259963.5873609,1.5, 0.0, 0.0]
Velocity: [1709259963.614729,1.5, 0.0, 0.0]
Velocity: [1709259963.6409051,1.5, 0.0, 0.0]
Velocity: [1709259963.6775956,1.5, 0.0, 0.0]
Velocity: [1709259963.7067,1.5, 0.0, 0.0]
Velocity: [1709259963.757453,1.5, 0.0, 0.0]
Velocity: [1709259963.7889292,1.5, 0.0, 0.0]
Velocity: [1709259963.822923,1.5, 0.0, 0.0]
Velocity: [1709259963.8584476,1.5, 0.0, 0.0]
Velocity: [1709259963.8945184,1.5, 0.0, 0.0]
Velocity: [1709259963.923421,1.5, 0.0, 0.0]
Velocity: [1709259963.946326,1.5, 0.0, 0.0]
Velocity: [1709259963.9763463,1.5, 0.0, 0.0]
Velocity: [1709259964.0134718,1.5, 0.0, 0.0]
Velocity: [1709259964.0577412,1.5, 0.0, 0.0]
Velocity: [1709259964.078787,1.5, 0.0, 0.0]
Velocity: [1709259964.116558,1.5, 0.0, 0.0]
Velocity: [1709259964.1466,1.5, 0.0, 0.0]
Velocity: [1709259964.1821785,1.5, 0.0, 0.0]
Velocity: [1709259964.2167294,1.5, 0.0, 0.0]
Velocity: [1709259964.2440383,1.5, 0.0, 0.0]
Velocity: [1709259964.2699625,1.5, 0.0, 0.0]
Velocity: [1709259964.3068397,1.5, 0.0, 0.0]
Velocity: [1709259964.3325791,1.5, 0.0, 0.0]
Velocity: [1709259964.3687267,1.5, 0.0, 0.0]
Velocity: [1709259964.4015105,1.5, 0.0, 0.0]
Velocity: [1709259964.435958,1.5, 0.0, 0.0]
Velocity: [1709259964.4694793,1.5, 0.0, 0.0]
Velocity: [1709259964.4999607,1.5, 0.0, 0.0]
Velocity: [1709259964.526917,1.5, 0.0, 0.0]
Velocity: [1709259964.5705488,1.5, 0.0, 0.0]
Velocity: [1709259964.606963,1.5, 0.0, 0.0]
Velocity: [1709259964.640639,1.5, 0.0, 0.0]
Velocity: [1709259964.6753209,1.5, 0.0, 0.0]
Velocity: [1709259964.703653,1.5, 0.0, 0.0]
Velocity: [1709259964.887047,1.5, 0.0, 0.0]
Velocity: [1709259964.8874114,1.5, 0.0, 0.0]
Velocity: [1709259964.887648,1.5, 0.0, 0.0]
Velocity: [1709259964.8878236,1.5, 0.0, 0.0]
Velocity: [1709259964.888105,1.5, 0.0, 0.0]
Velocity: [1709259964.898439,1.5, 0.0, 0.0]
Velocity: [1709259964.9401023,1.5, 0.0, 0.0]
Velocity: [1709259964.9635403,1.5, 0.0, 0.0]
Velocity: [1709259965.0086215,1.5, 0.0, 0.0]
Velocity: [1709259965.0284376,1.5, 0.0, 0.0]
Velocity: [1709259965.069443,1.5, 0.0, 0.0]
Velocity: [1709259965.0961545,1.5, 0.0, 0.0]
Velocity: [1709259965.1431496,1.5, 0.0, 0.0]
Velocity: [1709259965.1662936,1.5, 0.0, 0.0]
Velocity: [1709259965.1914937,1.5, 0.0, 0.0]
Velocity: [1709259965.2355072,1.5, 0.0, 0.0]
Velocity: [1709259965.2700915,1.5, 0.0, 0.0]
Velocity: [1709259965.2948332,1.5, 0.0, 0.0]
Velocity: [1709259965.3295944,1.5, 0.0, 0.0]
Velocity: [1709259965.3568933,1.5, 0.0, 0.0]
Velocity: [1709259965.3996358,1.5, 0.0, 0.0]
Velocity: [1709259965.4228632,1.5, 0.0, 0.0]
Velocity: [1709259965.4774585,1.5, 0.0, 0.0]
Velocity: [1709259965.5008051,1.5, 0.0, 0.0]
Velocity: [1709259965.5282023,1.5, 0.0, 0.0]
Velocity: [1709259965.5643575,1.5, 0.0, 0.0]
Velocity: [1709259965.5962029,1.5, 0.0, 0.0]
Velocity: [1709259965.627148,1.5, 0.0, 0.0]
Velocity: [1709259965.6747673,1.5, 0.0, 0.0]
Velocity: [1709259965.6943326,1.5, 0.0, 0.0]
Velocity: [1709259965.7252607,1.5, 0.0, 0.0]
Velocity: [1709259965.7644079,1.5, 0.0, 0.0]
Velocity: [1709259965.7948794,1.5, 0.0, 0.0]
Velocity: [1709259965.835925,1.5, 0.0, 0.0]
Velocity: [1709259965.8592036,1.5, 0.0, 0.0]
Velocity: [1709259965.8968887,1.5, 0.0, 0.0]
Velocity: [1709259965.9258337,1.5, 0.0, 0.0]
Velocity: [1709259965.966852,1.5, 0.0, 0.0]
Velocity: [1709259965.9874666,1.5, 0.0, 0.0]
Velocity: [1709259966.0182774,1.5, 0.0, 0.0]
Velocity: [1709259966.049487,1.5, 0.0, 0.0]
Velocity: [1709259966.1159873,1.5, 0.0, 0.0]
Velocity: [1709259966.1520882,1.5, 0.0, 0.0]
Velocity: [1709259966.1794791,1.5, 0.0, 0.0]
Velocity: [1709259966.2065947,1.5, 0.0, 0.0]
Velocity: [1709259966.2584038,1.5, 0.0, 0.0]
Velocity: [1709259966.2841024,1.5, 0.0, 0.0]
Velocity: [1709259966.316388,1.5, 0.0, 0.0]
Velocity: [1709259966.349663,1.5, 0.0, 0.0]
Velocity: [1709259966.3849723,1.5, 0.0, 0.0]
Velocity: [1709259966.4268358,1.5, 0.0, 0.0]
Velocity: [1709259966.4615006,1.5, 0.0, 0.0]
Velocity: [1709259966.492672,1.5, 0.0, 0.0]
Velocity: [1709259966.5134494,1.5, 0.0, 0.0]
Velocity: [1709259966.5458066,1.5, 0.0, 0.0]
Velocity: [1709259966.5778546,1.5, 0.0, 0.0]
Velocity: [1709259966.6164231,1.5, 0.0, 0.0]
Velocity: [1709259966.6459246,1.5, 0.0, 0.0]
Velocity: [1709259966.6780171,1.5, 0.0, 0.0]
Velocity: [1709259966.713968,1.5, 0.0, 0.0]
Velocity: [1709259966.7559588,1.5, 0.0, 0.0]
Velocity: [1709259966.7868228,1.5, 0.0, 0.0]
Velocity: [1709259966.8226597,1.5, 0.0, 0.0]
Velocity: [1709259966.8498151,1.5, 0.0, 0.0]
Velocity: [1709259966.8812191,1.5, 0.0, 0.0]
Velocity: [1709259966.9098735,1.5, 0.0, 0.0]
Velocity: [1709259966.9444695,1.5, 0.0, 0.0]
Velocity: [1709259966.9695613,1.5, 0.0, 0.0]
Velocity: [1709259967.0137513,1.5, 0.0, 0.0]
Velocity: [1709259967.0342884,1.5, 0.0, 0.0]
Velocity: [1709259967.0676243,1.5, 0.0, 0.0]
Velocity: [1709259967.1101642,1.5, 0.0, 0.0]
Velocity: [1709259967.1390777,1.5, 0.0, 0.0]
Velocity: [1709259967.1773746,1.5, 0.0, 0.0]
Velocity: [1709259967.205995,1.5, 0.0, 0.0]
Velocity: [1709259967.2280462,1.5, 0.0, 0.0]
Velocity: [1709259967.260517,1.5, 0.0, 0.0]
Velocity: [1709259967.2895336,1.5, 0.0, 0.0]
Velocity: [1709259967.3342707,1.5, 0.0, 0.0]
Velocity: [1709259967.3652892,1.5, 0.0, 0.0]
Velocity: [1709259967.3868692,1.5, 0.0, 0.0]
Velocity: [1709259967.4302204,1.5, 0.0, 0.0]
Velocity: [1709259967.4534898,1.5, 0.0, 0.0]
Velocity: [1709259967.4813175,1.5, 0.0, 0.0]
Velocity: [1709259967.512736,1.5, 0.0, 0.0]
Velocity: [1709259967.5450623,1.5, 0.0, 0.0]
Velocity: [1709259967.5864623,1.5, 0.0, 0.0]
Velocity: [1709259967.6090941,1.5, 0.0, 0.0]
Velocity: [1709259967.6468058,1.5, 0.0, 0.0]
Velocity: [1709259967.6740742,1.5, 0.0, 0.0]
Velocity: [1709259967.7054496,1.5, 0.0, 0.0]
Velocity: [1709259967.7420723,1.5, 0.0, 0.0]
Velocity: [1709259967.786784,1.5, 0.0, 0.0]
Velocity: [1709259967.8214579,1.5, 0.0, 0.0]
Velocity: [1709259967.8469577,1.5, 0.0, 0.0]
Velocity: [1709259967.8838542,1.5, 0.0, 0.0]
Velocity: [1709259967.9181309,1.5, 0.0, 0.0]
Velocity: [1709259967.948603,1.5, 0.0, 0.0]
Velocity: [1709259967.982237,1.5, 0.0, 0.0]
Velocity: [1709259968.0127435,1.5, 0.0, 0.0]
Velocity: [1709259968.0505183,1.5, 0.0, 0.0]
Velocity: [1709259968.0814679,1.5, 0.0, 0.0]
Velocity: [1709259968.1107264,1.5, 0.0, 0.0]
Velocity: [1709259968.1436532,1.5, 0.0, 0.0]
Velocity: [1709259968.1779137,1.5, 0.0, 0.0]
Velocity: [1709259968.2083616,1.5, 0.0, 0.0]
Velocity: [1709259968.2410698,1.5, 0.0, 0.0]
Velocity: [1709259968.2739313,1.5, 0.0, 0.0]
Velocity: [1709259968.3087337,1.5, 0.0, 0.0]
Velocity: [1709259968.349725,1.5, 0.0, 0.0]
Velocity: [1709259968.377978,1.5, 0.0, 0.0]
Velocity: [1709259968.4105103,1.5, 0.0, 0.0]
Velocity: [1709259968.4438732,1.5, 0.0, 0.0]
Velocity: [1709259968.4762855,1.5, 0.0, 0.0]
Velocity: [1709259968.50752,1.5, 0.0, 0.0]
Velocity: [1709259968.742549,1.5, 0.0, 0.0]
Velocity: [1709259968.7462127,1.5, 0.0, 0.0]
Velocity: [1709259968.7466316,1.5, 0.0, 0.0]
Velocity: [1709259968.7470412,1.5, 0.0, 0.0]
Velocity: [1709259968.7472377,1.5, 0.0, 0.0]
Velocity: [1709259968.7474155,1.5, 0.0, 0.0]
Velocity: [1709259968.7475889,1.5, 0.0, 0.0]
Velocity: [1709259968.7791967,1.5, 0.0, 0.0]
Velocity: [1709259968.8184543,1.5, 0.0, 0.0]
Velocity: [1709259968.8385391,1.5, 0.0, 0.0]
Velocity: [1709259968.8685603,1.5, 0.0, 0.0]
Velocity: [1709259968.9031434,1.5, 0.0, 0.0]
Velocity: [1709259968.9471607,1.5, 0.0, 0.0]
Velocity: [1709259968.9667182,1.5, 0.0, 0.0]
Velocity: [1709259969.0074291,1.5, 0.0, 0.0]
Velocity: [1709259969.0398135,1.5, 0.0, 0.0]
Velocity: [1709259969.0664082,1.5, 0.0, 0.0]
Velocity: [1709259969.098585,1.5, 0.0, 0.0]
Velocity: [1709259969.1308472,1.5, 0.0, 0.0]
Velocity: [1709259969.1641147,1.5, 0.0, 0.0]
Velocity: [1709259969.1960814,1.5, 0.0, 0.0]
Velocity: [1709259969.2311852,1.5, 0.0, 0.0]
Velocity: [1709259969.2632487,1.5, 0.0, 0.0]
Velocity: [1709259969.2918386,1.5, 0.0, 0.0]
Velocity: [1709259969.329184,1.5, 0.0, 0.0]
Velocity: [1709259969.3625636,1.5, 0.0, 0.0]
Velocity: [1709259969.3952394,1.5, 0.0, 0.0]
Velocity: [1709259969.429061,1.5, 0.0, 0.0]
Velocity: [1709259969.4480388,1.5, 0.0, 0.0]
Velocity: [1709259969.4775102,1.5, 0.0, 0.0]
Velocity: [1709259969.518419,1.5, 0.0, 0.0]
Velocity: [1709259969.5522912,1.5, 0.0, 0.0]
Velocity: [1709259969.5832317,1.5, 0.0, 0.0]
Velocity: [1709259969.620168,1.5, 0.0, 0.0]
Velocity: [1709259969.6651578,1.5, 0.0, 0.0]
Velocity: [1709259969.693523,1.5, 0.0, 0.0]
Velocity: [1709259969.7417743,1.5, 0.0, 0.0]
Velocity: [1709259969.7722363,1.5, 0.0, 0.0]
Velocity: [1709259969.810601,1.5, 0.0, 0.0]
Velocity: [1709259969.8344316,1.5, 0.0, 0.0]
Velocity: [1709259969.8622084,1.5, 0.0, 0.0]
Velocity: [1709259969.8948228,1.5, 0.0, 0.0]
Velocity: [1709259969.93474,1.5, 0.0, 0.0]
Velocity: [1709259969.976568,1.5, 0.0, 0.0]
Velocity: [1709259969.9946723,1.5, 0.0, 0.0]
Velocity: [1709259970.0320697,1.5, 0.0, 0.0]
Velocity: [1709259970.0557203,1.5, 0.0, 0.0]
Velocity: [1709259970.0857787,1.5, 0.0, 0.0]
Velocity: [1709259970.1291492,1.5, 0.0, 0.0]
Velocity: [1709259970.157225,1.5, 0.0, 0.0]
Velocity: [1709259970.1872735,1.5, 0.0, 0.0]
Velocity: [1709259970.2231116,1.5, 0.0, 0.0]
Velocity: [1709259970.262804,1.5, 0.0, 0.0]
Velocity: [1709259970.2953053,1.5, 0.0, 0.0]
Velocity: [1709259970.3218877,1.5, 0.0, 0.0]
Velocity: [1709259970.3578603,1.5, 0.0, 0.0]
Velocity: [1709259970.381499,1.5, 0.0, 0.0]
Velocity: [1709259970.4183145,1.5, 0.0, 0.0]
Velocity: [1709259970.4604735,1.5, 0.0, 0.0]
Velocity: [1709259970.497036,1.5, 0.0, 0.0]
Velocity: [1709259970.5333228,1.5, 0.0, 0.0]
Velocity: [1709259970.5625465,1.5, 0.0, 0.0]
Velocity: [1709259970.591049,1.5, 0.0, 0.0]
Velocity: [1709259970.6359146,1.5, 0.0, 0.0]
Velocity: [1709259970.6621566,1.5, 0.0, 0.0]
Velocity: [1709259970.6962519,1.5, 0.0, 0.0]
Velocity: [1709259970.7340713,1.5, 0.0, 0.0]
Velocity: [1709259970.7540648,1.5, 0.0, 0.0]
Velocity: [1709259970.78392,1.5, 0.0, 0.0]
Velocity: [1709259970.8141282,1.5, 0.0, 0.0]
Velocity: [1709259970.8577929,1.5, 0.0, 0.0]
Velocity: [1709259970.8781128,1.5, 0.0, 0.0]
Velocity: [1709259970.921337,1.5, 0.0, 0.0]
Velocity: [1709259970.951016,1.5, 0.0, 0.0]
Velocity: [1709259970.9746597,1.5, 0.0, 0.0]
Velocity: [1709259971.010244,1.5, 0.0, 0.0]
Velocity: [1709259971.0493495,1.5, 0.0, 0.0]
Velocity: [1709259971.1138082,1.5, 0.0, 0.0]
Velocity: [1709259971.114116,0.0, 0.0, 0.0]
Velocity: [1709259971.266459,0.0, 0.0, 0.0]
Velocity: [1709259971.4666429,0.0, 0.0, 0.0]
Velocity: [1709259971.7198536,0.0, 0.0, 0.0]
Velocity: [1709259971.880181,0.0, 0.0, 0.0]
Velocity: [1709259972.1019838,0.0, 0.0, 0.0]
Velocity: [1709259972.4921331,0.0, 0.0, 0.0]
Velocity: [1709259972.6860213,0.0, 0.0, 0.0]
Velocity: [1709259972.841801,0.0, 0.0, 0.0]
Velocity: [1709259973.0681942,0.0, 0.0, 0.0]
Velocity: [1709259973.2337055,0.0, 0.0, 0.0]
Velocity: [1709259973.431361,0.0, 0.0, 0.0]
Velocity: [1709259973.63668,0.0, 0.0, 0.0]
Velocity: [1709259973.87363,0.0, 0.0, 0.0]
Velocity: [1709259974.0884628,0.0, 0.0, 0.0]
Velocity: [1709259974.233668,0.0, 0.0, 0.0]
Velocity: [1709259974.4615867,0.0, 0.0, 0.0]
Velocity: [1709259974.6469977,0.0, 0.0, 0.0]
Velocity: [1709259974.8448389,0.0, 0.0, 0.0]
Velocity: [1709259975.0658414,0.0, 0.0, 0.0]
Velocity: [1709259975.3046699,0.0, 0.0, 0.0]
Velocity: [1709259975.5527065,0.0, 0.0, 0.0]
Velocity: [1709259975.7524629,0.0, 0.0, 0.0]
Velocity: [1709259975.8801873,0.0, 0.0, 2.0]
Velocity: [1709259975.8805208,0.0, 0.0, 2.0]
Velocity: [1709259975.9260547,0.0, 0.0, 2.0]
Velocity: [1709259975.9400086,0.0, 0.0, 2.0]
Velocity: [1709259976.091288,0.0, 0.0, 2.0]
Velocity: [1709259976.0917149,0.0, 0.0, 2.0]
Velocity: [1709259976.0919352,0.0, 0.0, 2.0]
Velocity: [1709259976.0921237,0.0, 0.0, 2.0]
Velocity: [1709259976.1396844,0.0, 0.0, 2.0]
Velocity: [1709259976.1407757,0.0, 0.0, 2.0]
Velocity: [1709259976.173217,0.0, 0.0, 2.0]
Velocity: [1709259976.2133577,0.0, 0.0, 2.0]
Velocity: [1709259976.2465184,0.0, 0.0, 2.0]
Velocity: [1709259976.2754009,0.0, 0.0, 2.0]
Velocity: [1709259976.3094635,0.0, 0.0, 2.0]
Velocity: [1709259976.346878,0.0, 0.0, 2.0]
Velocity: [1709259976.376862,0.0, 0.0, 2.0]
Velocity: [1709259976.4145482,0.0, 0.0, 2.0]
Velocity: [1709259976.4505,0.0, 0.0, 2.0]
Velocity: [1709259976.4749827,0.0, 0.0, 2.0]
Velocity: [1709259976.5168056,0.0, 0.0, 2.0]
Velocity: [1709259976.5432396,0.0, 0.0, 2.0]
Velocity: [1709259976.5743794,0.0, 0.0, 2.0]
Velocity: [1709259976.6087337,0.0, 0.0, 2.0]
Velocity: [1709259976.635476,0.0, 0.0, 2.0]
Velocity: [1709259976.6667247,0.0, 0.0, 2.0]
Velocity: [1709259976.707872,0.0, 0.0, 2.0]
Velocity: [1709259976.7304003,0.0, 0.0, 2.0]
Velocity: [1709259976.7602494,0.0, 0.0, 2.0]
Velocity: [1709259976.7877727,0.0, 0.0, 2.0]
Velocity: [1709259976.818641,0.0, 0.0, 2.0]
Velocity: [1709259976.8515224,0.0, 0.0, 2.0]
Velocity: [1709259976.8895092,0.0, 0.0, 2.0]
Velocity: [1709259976.9189477,0.0, 0.0, 2.0]
Velocity: [1709259976.9476788,0.0, 0.0, 2.0]
Velocity: [1709259976.9872828,0.0, 0.0, 2.0]
Velocity: [1709259977.0119867,0.0, 0.0, 2.0]
Velocity: [1709259977.0472064,0.0, 0.0, 2.0]
Velocity: [1709259977.0806751,0.0, 0.0, 2.0]
Velocity: [1709259977.1139166,0.0, 0.0, 2.0]
Velocity: [1709259977.149341,0.0, 0.0, 2.0]
Velocity: [1709259977.190739,0.0, 0.0, 2.0]
Velocity: [1709259977.2246494,0.0, 0.0, 2.0]
Velocity: [1709259977.2483573,0.0, 0.0, 2.0]
Velocity: [1709259977.2892106,0.0, 0.0, 2.0]
Velocity: [1709259977.3127007,0.0, 0.0, 2.0]
Velocity: [1709259977.3513296,0.0, 0.0, 2.0]
Velocity: [1709259977.401829,0.0, 0.0, 2.0]
Velocity: [1709259977.4323273,0.0, 0.0, 2.0]
Velocity: [1709259977.468631,0.0, 0.0, 2.0]
Velocity: [1709259977.5126605,0.0, 0.0, 2.0]
Velocity: [1709259977.5463278,0.0, 0.0, 2.0]
Velocity: [1709259977.57532,0.0, 0.0, 2.0]
Velocity: [1709259977.6074603,0.0, 0.0, 2.0]
Velocity: [1709259977.6410565,0.0, 0.0, 2.0]
Velocity: [1709259977.6767557,0.0, 0.0, 2.0]
Velocity: [1709259977.710994,0.0, 0.0, 2.0]
Velocity: [1709259977.732697,0.0, 0.0, 2.0]
Velocity: [1709259977.7706034,0.0, 0.0, 2.0]
Velocity: [1709259977.8008265,0.0, 0.0, 2.0]
Velocity: [1709259977.8314655,0.0, 0.0, 2.0]
Velocity: [1709259977.863708,0.0, 0.0, 2.0]
Velocity: [1709259977.904078,0.0, 0.0, 2.0]
Velocity: [1709259977.9341214,0.0, 0.0, 2.0]
Velocity: [1709259977.9698923,0.0, 0.0, 2.0]
Velocity: [1709259977.992641,0.0, 0.0, 2.0]
Velocity: [1709259978.029213,0.0, 0.0, 2.0]
Velocity: [1709259978.0609796,0.0, 0.0, 2.0]
Velocity: [1709259978.095596,0.0, 0.0, 2.0]
Velocity: [1709259978.1228876,0.0, 0.0, 2.0]
Velocity: [1709259978.1535196,0.0, 0.0, 2.0]
Velocity: [1709259978.1925993,0.0, 0.0, 2.0]
Velocity: [1709259978.2260785,0.0, 0.0, 2.0]
Velocity: [1709259978.2503207,0.0, 0.0, 2.0]
Velocity: [1709259978.2927043,0.0, 0.0, 2.0]
Velocity: [1709259978.3169627,0.0, 0.0, 2.0]
Velocity: [1709259978.3511326,0.0, 0.0, 2.0]
Velocity: [1709259978.398885,0.0, 0.0, 2.0]
Velocity: [1709259978.428762,0.0, 0.0, 2.0]
Velocity: [1709259978.4534678,0.0, 0.0, 2.0]
Velocity: [1709259978.490004,0.0, 0.0, 2.0]
Velocity: [1709259978.5219932,0.0, 0.0, 2.0]
Velocity: [1709259978.557513,0.0, 0.0, 2.0]
Velocity: [1709259978.5955796,0.0, 0.0, 2.0]
Velocity: [1709259978.6268654,0.0, 0.0, 2.0]
Velocity: [1709259978.650702,0.0, 0.0, 2.0]
Velocity: [1709259978.691593,0.0, 0.0, 2.0]
Velocity: [1709259978.7252085,0.0, 0.0, 2.0]
Velocity: [1709259978.760372,0.0, 0.0, 2.0]
Velocity: [1709259978.7975297,0.0, 0.0, 2.0]
Velocity: [1709259978.815864,0.0, 0.0, 2.0]
Velocity: [1709259978.847851,0.0, 0.0, 2.0]
Velocity: [1709259978.8889256,0.0, 0.0, 2.0]
Velocity: [1709259978.9110625,0.0, 0.0, 2.0]
Velocity: [1709259978.950738,0.0, 0.0, 2.0]
Velocity: [1709259978.973533,0.0, 0.0, 2.0]
Velocity: [1709259979.006074,0.0, 0.0, 2.0]
Velocity: [1709259979.0321214,0.0, 0.0, 2.0]
Velocity: [1709259979.0628862,0.0, 0.0, 2.0]
Velocity: [1709259979.0929728,0.0, 0.0, 2.0]
Velocity: [1709259979.1218798,0.0, 0.0, 2.0]
Velocity: [1709259979.1546621,0.0, 0.0, 2.0]
Velocity: [1709259979.188784,0.0, 0.0, 2.0]
Velocity: [1709259979.2139208,0.0, 0.0, 2.0]
Velocity: [1709259979.2441795,0.0, 0.0, 2.0]
Velocity: [1709259979.2851477,0.0, 0.0, 2.0]
Velocity: [1709259979.312478,0.0, 0.0, 2.0]
Velocity: [1709259979.3582282,0.0, 0.0, 2.0]
Velocity: [1709259979.3790567,0.0, 0.0, 2.0]
Velocity: [1709259979.4106617,0.0, 0.0, 2.0]
Velocity: [1709259979.4505997,0.0, 0.0, 2.0]
Velocity: [1709259979.4738624,0.0, 0.0, 2.0]
Velocity: [1709259979.5084383,0.0, 0.0, 2.0]
Velocity: [1709259979.5554688,0.0, 0.0, 2.0]
Velocity: [1709259979.5747392,0.0, 0.0, 2.0]
Velocity: [1709259979.6174324,0.0, 0.0, 2.0]
Velocity: [1709259979.650703,0.0, 0.0, 2.0]
Velocity: [1709259979.6735835,0.0, 0.0, 2.0]
Velocity: [1709259979.7093735,0.0, 0.0, 2.0]
Velocity: [1709259979.7486866,0.0, 0.0, 2.0]
Velocity: [1709259979.7630396,0.0, 0.0, 2.0]
Velocity: [1709259979.8027534,0.0, 0.0, 2.0]
Velocity: [1709259979.8326263,0.0, 0.0, 2.0]
Velocity: [1709259979.8666234,0.0, 0.0, 2.0]
Velocity: [1709259979.9011967,0.0, 0.0, 2.0]
Velocity: [1709259979.928896,0.0, 0.0, 2.0]
Velocity: [1709259979.9638076,0.0, 0.0, 2.0]
Velocity: [1709259980.1175923,0.0, 0.0, 2.0]
Velocity: [1709259980.121514,0.0, 0.0, 2.0]
Velocity: [1709259980.1217623,0.0, 0.0, 2.0]
Velocity: [1709259980.1219466,0.0, 0.0, 2.0]
Velocity: [1709259980.1221206,0.0, 0.0, 2.0]
Velocity: [1709259980.156921,0.0, 0.0, 2.0]
Velocity: [1709259980.1949673,0.0, 0.0, 2.0]
Velocity: [1709259980.2198045,0.0, 0.0, 2.0]
Velocity: [1709259980.255664,0.0, 0.0, 2.0]
Velocity: [1709259980.2976186,0.0, 0.0, 2.0]
Velocity: [1709259980.3432431,0.0, 0.0, 2.0]
Velocity: [1709259980.3783262,0.0, 0.0, 2.0]
Velocity: [1709259980.4046283,0.0, 0.0, 2.0]
Velocity: [1709259980.4337628,0.0, 0.0, 2.0]
Velocity: [1709259980.4634469,0.0, 0.0, 2.0]
Velocity: [1709259980.4969337,0.0, 0.0, 2.0]
Velocity: [1709259980.5290573,0.0, 0.0, 2.0]
Velocity: [1709259980.5585656,0.0, 0.0, 2.0]
Velocity: [1709259980.5968425,0.0, 0.0, 2.0]
Velocity: [1709259980.6254141,0.0, 0.0, 2.0]
Velocity: [1709259980.6574945,0.0, 0.0, 2.0]
Velocity: [1709259980.6902227,0.0, 0.0, 2.0]
Velocity: [1709259980.7223442,0.0, 0.0, 2.0]
Velocity: [1709259980.758872,0.0, 0.0, 2.0]
Velocity: [1709259980.7898805,0.0, 0.0, 2.0]
Velocity: [1709259980.824777,0.0, 0.0, 2.0]
Velocity: [1709259980.8506515,0.0, 0.0, 2.0]
Velocity: [1709259980.8825629,0.0, 0.0, 2.0]
Velocity: [1709259980.911069,0.0, 0.0, 2.0]
Velocity: [1709259980.942972,0.0, 0.0, 2.0]
Velocity: [1709259980.9732802,0.0, 0.0, 2.0]
Velocity: [1709259981.002143,0.0, 0.0, 2.0]
Velocity: [1709259981.0416007,0.0, 0.0, 2.0]
Velocity: [1709259981.0732074,0.0, 0.0, 2.0]
Velocity: [1709259981.1119943,0.0, 0.0, 2.0]
Velocity: [1709259981.1324725,0.0, 0.0, 2.0]
Velocity: [1709259981.1637485,0.0, 0.0, 2.0]
Velocity: [1709259981.1908488,0.0, 0.0, 2.0]
Velocity: [1709259981.2238748,0.0, 0.0, 2.0]
Velocity: [1709259981.2572985,0.0, 0.0, 2.0]
Velocity: [1709259981.2859223,0.0, 0.0, 2.0]
Velocity: [1709259981.317584,0.0, 0.0, 2.0]
Velocity: [1709259981.342644,0.0, 0.0, 2.0]
Velocity: [1709259981.386755,0.0, 0.0, 2.0]
Velocity: [1709259981.4212108,0.0, 0.0, 2.0]
Velocity: [1709259981.44788,0.0, 0.0, 2.0]
Velocity: [1709259981.495314,0.0, 0.0, 2.0]
Velocity: [1709259981.5332904,0.0, 0.0, 2.0]
Velocity: [1709259981.5544312,0.0, 0.0, 2.0]
Velocity: [1709259981.5882092,0.0, 0.0, 2.0]
Velocity: [1709259981.6118362,0.0, 0.0, 2.0]
Velocity: [1709259981.6596966,0.0, 0.0, 2.0]
Velocity: [1709259981.68047,0.0, 0.0, 2.0]
Velocity: [1709259981.7124789,0.0, 0.0, 2.0]
Velocity: [1709259981.7431335,0.0, 0.0, 2.0]
Velocity: [1709259981.7728157,0.0, 0.0, 2.0]
Velocity: [1709259981.8022337,0.0, 0.0, 2.0]
Velocity: [1709259981.8351152,0.0, 0.0, 2.0]
Velocity: [1709259981.8673697,0.0, 0.0, 2.0]
Velocity: [1709259981.9177833,0.0, 0.0, 2.0]
Velocity: [1709259981.9441557,0.0, 0.0, 2.0]
Velocity: [1709259981.9691908,0.0, 0.0, 2.0]
Velocity: [1709259982.0031598,0.0, 0.0, 2.0]
Velocity: [1709259982.034357,0.0, 0.0, 2.0]
Velocity: [1709259982.0620947,0.0, 0.0, 2.0]
Velocity: [1709259982.1041915,0.0, 0.0, 2.0]
Velocity: [1709259982.1351676,0.0, 0.0, 2.0]
Velocity: [1709259982.1554008,0.0, 0.0, 2.0]
Velocity: [1709259982.1848729,0.0, 0.0, 2.0]
Velocity: [1709259982.216478,0.0, 0.0, 2.0]
Velocity: [1709259982.2538385,0.0, 0.0, 2.0]
Velocity: [1709259982.276206,0.0, 0.0, 2.0]
Velocity: [1709259982.305641,0.0, 0.0, 2.0]
Velocity: [1709259982.3423574,0.0, 0.0, 2.0]
Velocity: [1709259982.3732169,0.0, 0.0, 2.0]
Velocity: [1709259982.4065826,0.0, 0.0, 2.0]
Velocity: [1709259982.4316266,0.0, 0.0, 2.0]
Velocity: [1709259982.4630976,0.0, 0.0, 2.0]
Velocity: [1709259982.5146546,0.0, 0.0, 2.0]
Velocity: [1709259982.5443177,0.0, 0.0, 2.0]
Velocity: [1709259982.5734062,0.0, 0.0, 2.0]
Velocity: [1709259982.60528,0.0, 0.0, 2.0]
Velocity: [1709259982.634274,0.0, 0.0, 2.0]
Velocity: [1709259982.6623962,0.0, 0.0, 2.0]
Velocity: [1709259982.691993,0.0, 0.0, 2.0]
Velocity: [1709259982.7225194,0.0, 0.0, 2.0]
Velocity: [1709259982.7626195,0.0, 0.0, 2.0]
Velocity: [1709259982.7974417,0.0, 0.0, 2.0]
Velocity: [1709259982.827418,0.0, 0.0, 2.0]
Velocity: [1709259982.8600993,0.0, 0.0, 2.0]
Velocity: [1709259982.898403,0.0, 0.0, 2.0]
Velocity: [1709259982.9248135,0.0, 0.0, 2.0]
Velocity: [1709259982.9529498,0.0, 0.0, 2.0]
Velocity: [1709259982.995138,0.0, 0.0, 2.0]
Velocity: [1709259983.0213912,0.0, 0.0, 2.0]
Velocity: [1709259983.046534,0.0, 0.0, 2.0]
Velocity: [1709259983.0801356,0.0, 0.0, 2.0]
Velocity: [1709259983.1081212,0.0, 0.0, 2.0]
Velocity: [1709259983.1434636,0.0, 0.0, 2.0]
Velocity: [1709259983.174467,0.0, 0.0, 2.0]
Velocity: [1709259983.207911,0.0, 0.0, 2.0]
Velocity: [1709259983.210668,0.0, 0.0, 0.0]
Velocity: [1709259983.4220393,0.0, 0.0, 0.0]
Velocity: [1709259983.61868,0.0, 0.0, 0.0]
Velocity: [1709259984.1370173,0.0, 0.0, 0.0]
Velocity: [1709259984.2359278,0.0, 0.0, 0.0]
Velocity: [1709259984.4709005,0.0, 0.0, 0.0]
Velocity: [1709259984.6715753,0.0, 0.0, 0.0]
Velocity: [1709259984.8740177,0.0, 0.0, 0.0]
Velocity: [1709259985.0908518,0.0, 0.0, 0.0]
Velocity: [1709259985.306948,0.0, 0.0, 0.0]
Velocity: [1709259985.4080145,-1.5, 0.0, 0.0]
Velocity: [1709259985.4090877,-1.5, 0.0, 0.0]
Velocity: [1709259985.4225876,-1.5, 0.0, 0.0]
Velocity: [1709259985.4614248,-1.5, 0.0, 0.0]
Velocity: [1709259985.503465,-1.5, 0.0, 0.0]
Velocity: [1709259985.5284016,-1.5, 0.0, 0.0]
Velocity: [1709259985.5820518,-1.5, 0.0, 0.0]
Velocity: [1709259985.6059885,-1.5, 0.0, 0.0]
Velocity: [1709259985.6382306,-1.5, 0.0, 0.0]
Velocity: [1709259985.6709404,-1.5, 0.0, 0.0]
Velocity: [1709259985.7014575,-1.5, 0.0, 0.0]
Velocity: [1709259985.7335937,-1.5, 0.0, 0.0]
Velocity: [1709259985.7670753,-1.5, 0.0, 0.0]
Velocity: [1709259985.8094833,-1.5, 0.0, 0.0]
Velocity: [1709259985.8468878,-1.5, 0.0, 0.0]
Velocity: [1709259985.8698673,-1.5, 0.0, 0.0]
Velocity: [1709259985.9049683,-1.5, 0.0, 0.0]
Velocity: [1709259985.9354753,-1.5, 0.0, 0.0]
Velocity: [1709259985.9644103,-1.5, 0.0, 0.0]
Velocity: [1709259985.998834,-1.5, 0.0, 0.0]
Velocity: [1709259986.0294323,-1.5, 0.0, 0.0]
Velocity: [1709259986.0770965,-1.5, 0.0, 0.0]
Velocity: [1709259986.0961132,-1.5, 0.0, 0.0]
Velocity: [1709259986.1331303,-1.5, 0.0, 0.0]
Velocity: [1709259986.1578379,-1.5, 0.0, 0.0]
Velocity: [1709259986.19909,-1.5, 0.0, 0.0]
Velocity: [1709259986.2263107,-1.5, 0.0, 0.0]
Velocity: [1709259986.264847,-1.5, 0.0, 0.0]
Velocity: [1709259986.296608,-1.5, 0.0, 0.0]
Velocity: [1709259986.328355,-1.5, 0.0, 0.0]
Velocity: [1709259986.3534594,-1.5, 0.0, 0.0]
Velocity: [1709259986.3962743,-1.5, 0.0, 0.0]
Velocity: [1709259986.4187303,-1.5, 0.0, 0.0]
Velocity: [1709259986.4491127,-1.5, 0.0, 0.0]
Velocity: [1709259986.487458,-1.5, 0.0, 0.0]
Velocity: [1709259986.5147352,-1.5, 0.0, 0.0]
Velocity: [1709259986.5494654,-1.5, 0.0, 0.0]
Velocity: [1709259986.5805967,-1.5, 0.0, 0.0]
Velocity: [1709259986.606091,-1.5, 0.0, 0.0]
Velocity: [1709259986.6487434,-1.5, 0.0, 0.0]
Velocity: [1709259986.6716554,-1.5, 0.0, 0.0]
Velocity: [1709259986.7082987,-1.5, 0.0, 0.0]
Velocity: [1709259986.735576,-1.5, 0.0, 0.0]
Velocity: [1709259986.7699015,-1.5, 0.0, 0.0]
Velocity: [1709259986.8039222,-1.5, 0.0, 0.0]
Velocity: [1709259986.831215,-1.5, 0.0, 0.0]
Velocity: [1709259986.864853,-1.5, 0.0, 0.0]
Velocity: [1709259986.8944857,-1.5, 0.0, 0.0]
Velocity: [1709259986.9267752,-1.5, 0.0, 0.0]
Velocity: [1709259986.9642732,-1.5, 0.0, 0.0]
Velocity: [1709259986.994096,-1.5, 0.0, 0.0]
Velocity: [1709259987.028895,-1.5, 0.0, 0.0]
Velocity: [1709259987.0638425,-1.5, 0.0, 0.0]
Velocity: [1709259987.1026616,-1.5, 0.0, 0.0]
Velocity: [1709259987.1248553,-1.5, 0.0, 0.0]
Velocity: [1709259987.1637914,-1.5, 0.0, 0.0]
Velocity: [1709259987.1917858,-1.5, 0.0, 0.0]
Velocity: [1709259987.2329478,-1.5, 0.0, 0.0]
Velocity: [1709259987.2675831,-1.5, 0.0, 0.0]
Velocity: [1709259987.294039,-1.5, 0.0, 0.0]
Velocity: [1709259987.326134,-1.5, 0.0, 0.0]
Velocity: [1709259987.365207,-1.5, 0.0, 0.0]
Velocity: [1709259987.3967664,-1.5, 0.0, 0.0]
Velocity: [1709259987.4308336,-1.5, 0.0, 0.0]
Velocity: [1709259987.4611156,-1.5, 0.0, 0.0]
Velocity: [1709259987.5122585,-1.5, 0.0, 0.0]
Velocity: [1709259987.5656703,-1.5, 0.0, 0.0]
Velocity: [1709259987.5815654,-1.5, 0.0, 0.0]
Velocity: [1709259987.6206992,-1.5, 0.0, 0.0]
Velocity: [1709259987.6404133,-1.5, 0.0, 0.0]
Velocity: [1709259987.6882038,-1.5, 0.0, 0.0]
Velocity: [1709259987.7141118,-1.5, 0.0, 0.0]
Velocity: [1709259987.755531,-1.5, 0.0, 0.0]
Velocity: [1709259987.7763884,-1.5, 0.0, 0.0]
Velocity: [1709259987.8059733,-1.5, 0.0, 0.0]
Velocity: [1709259987.838427,-1.5, 0.0, 0.0]
Velocity: [1709259987.8728108,-1.5, 0.0, 0.0]
Velocity: [1709259988.0979726,-1.5, 0.0, 0.0]
Velocity: [1709259988.0983996,-1.5, 0.0, 0.0]
Velocity: [1709259988.1004333,-1.5, 0.0, 0.0]
Velocity: [1709259988.1006305,-1.5, 0.0, 0.0]
Velocity: [1709259988.1008089,-1.5, 0.0, 0.0]
Velocity: [1709259988.1009822,-1.5, 0.0, 0.0]
Velocity: [1709259988.1011631,-1.5, 0.0, 0.0]
Velocity: [1709259988.1464303,-1.5, 0.0, 0.0]
Velocity: [1709259988.173141,-1.5, 0.0, 0.0]
Velocity: [1709259988.2067258,-1.5, 0.0, 0.0]
Velocity: [1709259988.2454429,-1.5, 0.0, 0.0]
Velocity: [1709259988.277305,-1.5, 0.0, 0.0]
Velocity: [1709259988.3192558,-1.5, 0.0, 0.0]
Velocity: [1709259988.3425307,-1.5, 0.0, 0.0]
Velocity: [1709259988.3786654,-1.5, 0.0, 0.0]
Velocity: [1709259988.4135509,-1.5, 0.0, 0.0]
Velocity: [1709259988.4542377,-1.5, 0.0, 0.0]
Velocity: [1709259988.4794915,-1.5, 0.0, 0.0]
Velocity: [1709259988.5125136,-1.5, 0.0, 0.0]
Velocity: [1709259988.5390444,-1.5, 0.0, 0.0]
Velocity: [1709259988.575478,-1.5, 0.0, 0.0]
Velocity: [1709259988.6413534,-1.5, 0.0, 0.0]
Velocity: [1709259988.6648853,-1.5, 0.0, 0.0]
Velocity: [1709259988.6928802,-1.5, 0.0, 0.0]
Velocity: [1709259988.73504,-1.5, 0.0, 0.0]
Velocity: [1709259988.768661,-1.5, 0.0, 0.0]
Velocity: [1709259988.7933187,-1.5, 0.0, 0.0]
Velocity: [1709259988.828188,-1.5, 0.0, 0.0]
Velocity: [1709259988.8626657,-1.5, 0.0, 0.0]
Velocity: [1709259988.8990889,-1.5, 0.0, 0.0]
Velocity: [1709259988.9333518,-1.5, 0.0, 0.0]
Velocity: [1709259988.967979,-1.5, 0.0, 0.0]
Velocity: [1709259989.0095918,-1.5, 0.0, 0.0]
Velocity: [1709259989.0397897,-1.5, 0.0, 0.0]
Velocity: [1709259989.0736487,-1.5, 0.0, 0.0]
Velocity: [1709259989.1024997,-1.5, 0.0, 0.0]
Velocity: [1709259989.1359007,-1.5, 0.0, 0.0]
Velocity: [1709259989.1734776,-1.5, 0.0, 0.0]
Velocity: [1709259989.203754,-1.5, 0.0, 0.0]
Velocity: [1709259989.2382884,-1.5, 0.0, 0.0]
Velocity: [1709259989.2625513,-1.5, 0.0, 0.0]
Velocity: [1709259989.289902,-1.5, 0.0, 0.0]
Velocity: [1709259989.3301218,-1.5, 0.0, 0.0]
Velocity: [1709259989.363682,-1.5, 0.0, 0.0]
Velocity: [1709259989.385872,-1.5, 0.0, 0.0]
Velocity: [1709259989.4355805,-1.5, 0.0, 0.0]
Velocity: [1709259989.4552283,-1.5, 0.0, 0.0]
Velocity: [1709259989.4900806,-1.5, 0.0, 0.0]
Velocity: [1709259989.528064,-1.5, 0.0, 0.0]
Velocity: [1709259989.5543303,-1.5, 0.0, 0.0]
Velocity: [1709259989.6037536,-1.5, 0.0, 0.0]
Velocity: [1709259989.6278408,-1.5, 0.0, 0.0]
Velocity: [1709259989.6563292,-1.5, 0.0, 0.0]
Velocity: [1709259989.6842694,-1.5, 0.0, 0.0]
Velocity: [1709259989.7293122,-1.5, 0.0, 0.0]
Velocity: [1709259989.755731,-1.5, 0.0, 0.0]
Velocity: [1709259989.7843933,-1.5, 0.0, 0.0]
Velocity: [1709259989.8211124,-1.5, 0.0, 0.0]
Velocity: [1709259989.8564198,-1.5, 0.0, 0.0]
Velocity: [1709259989.882656,-1.5, 0.0, 0.0]
Velocity: [1709259989.9166448,-1.5, 0.0, 0.0]
Velocity: [1709259989.9578226,-1.5, 0.0, 0.0]
Velocity: [1709259989.9847872,-1.5, 0.0, 0.0]
Velocity: [1709259990.0094204,-1.5, 0.0, 0.0]
Velocity: [1709259990.042112,-1.5, 0.0, 0.0]
Velocity: [1709259990.0753617,-1.5, 0.0, 0.0]
Velocity: [1709259990.1037056,-1.5, 0.0, 0.0]
Velocity: [1709259990.1343226,-1.5, 0.0, 0.0]
Velocity: [1709259990.1604097,-1.5, 0.0, 0.0]
Velocity: [1709259990.195014,-1.5, 0.0, 0.0]
Velocity: [1709259990.2240853,-1.5, 0.0, 0.0]
Velocity: [1709259990.2787483,-1.5, 0.0, 0.0]
Velocity: [1709259990.3053632,-1.5, 0.0, 0.0]
Velocity: [1709259990.3364017,-1.5, 0.0, 0.0]
Velocity: [1709259990.3743143,-1.5, 0.0, 0.0]
Velocity: [1709259990.3986695,-1.5, 0.0, 0.0]
Velocity: [1709259990.4354405,-1.5, 0.0, 0.0]
Velocity: [1709259990.465219,-1.5, 0.0, 0.0]
Velocity: [1709259990.5059502,-1.5, 0.0, 0.0]
Velocity: [1709259990.542316,-1.5, 0.0, 0.0]
Velocity: [1709259990.5688546,-1.5, 0.0, 0.0]
Velocity: [1709259990.6000988,-1.5, 0.0, 0.0]
Velocity: [1709259990.6291683,-1.5, 0.0, 0.0]
Velocity: [1709259990.6658437,-1.5, 0.0, 0.0]
Velocity: [1709259990.7028997,-1.5, 0.0, 0.0]
Velocity: [1709259990.724407,-1.5, 0.0, 0.0]
Velocity: [1709259990.7591126,-1.5, 0.0, 0.0]
Velocity: [1709259990.7979786,-1.5, 0.0, 0.0]
Velocity: [1709259990.8216052,-1.5, 0.0, 0.0]
Velocity: [1709259990.848395,-1.5, 0.0, 0.0]
Velocity: [1709259990.8789835,-1.5, 0.0, 0.0]
Velocity: [1709259990.926847,-1.5, 0.0, 0.0]
Velocity: [1709259990.9573097,-1.5, 0.0, 0.0]
Velocity: [1709259990.989703,-1.5, 0.0, 0.0]
Velocity: [1709259991.01571,-1.5, 0.0, 0.0]
Velocity: [1709259991.0501056,-1.5, 0.0, 0.0]
Velocity: [1709259991.0820026,-1.5, 0.0, 0.0]
Velocity: [1709259991.1314738,-1.5, 0.0, 0.0]
Velocity: [1709259991.1722467,-1.5, 0.0, 0.0]
Velocity: [1709259991.1985872,-1.5, 0.0, 0.0]
Velocity: [1709259991.2291484,-1.5, 0.0, 0.0]
Velocity: [1709259991.268742,-1.5, 0.0, 0.0]
Velocity: [1709259991.3027778,-1.5, 0.0, 0.0]
Velocity: [1709259991.3483891,-1.5, 0.0, 0.0]
Velocity: [1709259991.3841062,-1.5, 0.0, 0.0]
Velocity: [1709259991.4067924,-1.5, 0.0, 0.0]
Velocity: [1709259991.4374366,-1.5, 0.0, 0.0]
Velocity: [1709259991.4661613,-1.5, 0.0, 0.0]
Velocity: [1709259991.5003924,-1.5, 0.0, 0.0]
Velocity: [1709259991.5363557,-1.5, 0.0, 0.0]
Velocity: [1709259991.5707421,-1.5, 0.0, 0.0]
Velocity: [1709259991.587247,-1.5, 0.0, 0.0]
Velocity: [1709259991.6253552,-1.5, 0.0, 0.0]
Velocity: [1709259991.6505184,-1.5, 0.0, 0.0]
Velocity: [1709259991.6813457,-1.5, 0.0, 0.0]
Velocity: [1709259991.7177165,-1.5, 0.0, 0.0]
Velocity: [1709259991.746964,-1.5, 0.0, 0.0]
Velocity: [1709259991.798631,-1.5, 0.0, 0.0]
Velocity: [1709259991.8261392,-1.5, 0.0, 0.0]
Velocity: [1709259991.8480914,-1.5, 0.0, 0.0]
Velocity: [1709259991.8876774,-1.5, 0.0, 0.0]
Velocity: [1709259991.9105456,0.0, 0.0, 0.0]
Velocity: [1709259992.2927747,0.0, 0.0, 0.0]
Velocity: [1709259992.324952,0.0, 0.0, 0.0]
Velocity: [1709259992.533856,0.0, 0.0, 0.0]
Velocity: [1709259992.7378085,0.0, 0.0, 0.0]
Velocity: [1709259992.9771416,0.0, 0.0, 0.0]
Velocity: [1709259993.1296444,0.0, 0.0, 0.0]
Velocity: [1709259993.3392417,0.0, 0.0, 0.0]
Velocity: [1709259993.5491357,0.0, 0.0, 0.0]
Velocity: [1709259993.7483132,0.0, 0.0, 0.0]
Velocity: [1709259993.9459283,0.0, 0.0, 0.0]
Velocity: [1709259994.1763906,0.0, 0.0, 0.0]
Velocity: [1709259994.3718007,0.0, 0.0, 0.0]
Velocity: [1709259994.5761824,0.0, 0.0, 0.0]
Velocity: [1709259994.9373207,0.0, 0.0, 0.0]
Velocity: [1709259995.1405466,0.0, 0.0, 0.0]
Velocity: [1709259995.373135,0.0, 0.0, 0.0]
Velocity: [1709259995.5663152,0.0, 0.0, 0.0]
Velocity: [1709259995.7581928,0.0, 0.0, 0.0]
Velocity: [1709259995.9839714,0.0, 0.0, 0.0]
Velocity: [1709259996.1820455,0.0, 0.0, 0.0]
Velocity: [1709259996.4189236,0.0, 0.0, 0.0]
Velocity: [1709259996.6215377,0.0, 0.0, 0.0]
Velocity: [1709259996.7211292,0.0, 0.0, -2.0]
Velocity: [1709259996.7226682,0.0, 0.0, -2.0]
Velocity: [1709259996.760325,0.0, 0.0, -2.0]
Velocity: [1709259996.7930515,0.0, 0.0, -2.0]
Velocity: [1709259996.82841,0.0, 0.0, -2.0]
Velocity: [1709259996.8777652,0.0, 0.0, -2.0]
Velocity: [1709259996.901605,0.0, 0.0, -2.0]
Velocity: [1709259996.9347038,0.0, 0.0, -2.0]
Velocity: [1709259996.9642851,0.0, 0.0, -2.0]
Velocity: [1709259996.9934318,0.0, 0.0, -2.0]
Velocity: [1709259997.0220242,0.0, 0.0, -2.0]
Velocity: [1709259997.06035,0.0, 0.0, -2.0]
Velocity: [1709259997.078814,0.0, 0.0, -2.0]
Velocity: [1709259997.1174252,0.0, 0.0, -2.0]
Velocity: [1709259997.1490417,0.0, 0.0, -2.0]
Velocity: [1709259997.1836076,0.0, 0.0, -2.0]
Velocity: [1709259997.2078745,0.0, 0.0, -2.0]
Velocity: [1709259997.2500942,0.0, 0.0, -2.0]
Velocity: [1709259997.2790487,0.0, 0.0, -2.0]
Velocity: [1709259997.3123682,0.0, 0.0, -2.0]
Velocity: [1709259997.340048,0.0, 0.0, -2.0]
Velocity: [1709259997.3750987,0.0, 0.0, -2.0]
Velocity: [1709259997.3999562,0.0, 0.0, -2.0]
Velocity: [1709259997.435459,0.0, 0.0, -2.0]
Velocity: [1709259997.4651914,0.0, 0.0, -2.0]
Velocity: [1709259997.505299,0.0, 0.0, -2.0]
Velocity: [1709259997.5371623,0.0, 0.0, -2.0]
Velocity: [1709259997.5807984,0.0, 0.0, -2.0]
Velocity: [1709259997.6065302,0.0, 0.0, -2.0]
Velocity: [1709259997.6524065,0.0, 0.0, -2.0]
Velocity: [1709259997.702036,0.0, 0.0, -2.0]
Velocity: [1709259997.724945,0.0, 0.0, -2.0]
Velocity: [1709259997.7545414,0.0, 0.0, -2.0]
Velocity: [1709259997.7848969,0.0, 0.0, -2.0]
Velocity: [1709259997.811835,0.0, 0.0, -2.0]
Velocity: [1709259997.850222,0.0, 0.0, -2.0]
Velocity: [1709259997.8912842,0.0, 0.0, -2.0]
Velocity: [1709259997.9234135,0.0, 0.0, -2.0]
Velocity: [1709259997.9554975,0.0, 0.0, -2.0]
Velocity: [1709259997.9958594,0.0, 0.0, -2.0]
Velocity: [1709259998.0323927,0.0, 0.0, -2.0]
Velocity: [1709259998.0519419,0.0, 0.0, -2.0]
Velocity: [1709259998.0875154,0.0, 0.0, -2.0]
Velocity: [1709259998.1121829,0.0, 0.0, -2.0]
Velocity: [1709259998.14582,0.0, 0.0, -2.0]
Velocity: [1709259998.1761436,0.0, 0.0, -2.0]
Velocity: [1709259998.2014182,0.0, 0.0, -2.0]
Velocity: [1709259998.2331762,0.0, 0.0, -2.0]
Velocity: [1709259998.2743344,0.0, 0.0, -2.0]
Velocity: [1709259998.303208,0.0, 0.0, -2.0]
Velocity: [1709259998.3241963,0.0, 0.0, -2.0]
Velocity: [1709259998.3584142,0.0, 0.0, -2.0]
Velocity: [1709259998.4007423,0.0, 0.0, -2.0]
Velocity: [1709259998.4330804,0.0, 0.0, -2.0]
Velocity: [1709259998.4528303,0.0, 0.0, -2.0]
Velocity: [1709259998.483507,0.0, 0.0, -2.0]
Velocity: [1709259998.5191486,0.0, 0.0, -2.0]
Velocity: [1709259998.5472004,0.0, 0.0, -2.0]
Velocity: [1709259998.5771427,0.0, 0.0, -2.0]
Velocity: [1709259998.623495,0.0, 0.0, -2.0]
Velocity: [1709259998.64791,0.0, 0.0, -2.0]
Velocity: [1709259998.683527,0.0, 0.0, -2.0]
Velocity: [1709259998.7090225,0.0, 0.0, -2.0]
Velocity: [1709259998.7387564,0.0, 0.0, -2.0]
Velocity: [1709259998.7745812,0.0, 0.0, -2.0]
Velocity: [1709259998.8027742,0.0, 0.0, -2.0]
Velocity: [1709259998.834486,0.0, 0.0, -2.0]
Velocity: [1709259998.8780127,0.0, 0.0, -2.0]
Velocity: [1709259998.8976412,0.0, 0.0, -2.0]
Velocity: [1709259998.9259417,0.0, 0.0, -2.0]
Velocity: [1709259998.9564164,0.0, 0.0, -2.0]
Velocity: [1709259998.989178,0.0, 0.0, -2.0]
Velocity: [1709259999.0204468,0.0, 0.0, -2.0]
Velocity: [1709259999.058827,0.0, 0.0, -2.0]
Velocity: [1709259999.0932636,0.0, 0.0, -2.0]
Velocity: [1709259999.1357086,0.0, 0.0, -2.0]
Velocity: [1709259999.154962,0.0, 0.0, -2.0]
Velocity: [1709259999.1924753,0.0, 0.0, -2.0]
Velocity: [1709259999.2251947,0.0, 0.0, -2.0]
Velocity: [1709259999.2552726,0.0, 0.0, -2.0]
Velocity: [1709259999.284309,0.0, 0.0, -2.0]
Velocity: [1709259999.316187,0.0, 0.0, -2.0]
Velocity: [1709259999.351598,0.0, 0.0, -2.0]
Velocity: [1709259999.3923595,0.0, 0.0, -2.0]
Velocity: [1709259999.5905268,0.0, 0.0, -2.0]
Velocity: [1709259999.5910041,0.0, 0.0, -2.0]
Velocity: [1709259999.591888,0.0, 0.0, -2.0]
Velocity: [1709259999.5921102,0.0, 0.0, -2.0]
Velocity: [1709259999.5922925,0.0, 0.0, -2.0]
Velocity: [1709259999.5924673,0.0, 0.0, -2.0]
Velocity: [1709259999.6293979,0.0, 0.0, -2.0]
Velocity: [1709259999.6624856,0.0, 0.0, -2.0]
Velocity: [1709259999.6891735,0.0, 0.0, -2.0]
Velocity: [1709259999.7175107,0.0, 0.0, -2.0]
Velocity: [1709259999.762777,0.0, 0.0, -2.0]
Velocity: [1709259999.7809174,0.0, 0.0, -2.0]
Velocity: [1709259999.8186948,0.0, 0.0, -2.0]
Velocity: [1709259999.84754,0.0, 0.0, -2.0]
Velocity: [1709259999.8782465,0.0, 0.0, -2.0]
Velocity: [1709259999.9082975,0.0, 0.0, -2.0]
Velocity: [1709259999.9401312,0.0, 0.0, -2.0]
Velocity: [1709259999.9653914,0.0, 0.0, -2.0]
Velocity: [1709259999.9941585,0.0, 0.0, -2.0]
Velocity: [1709260000.0262597,0.0, 0.0, -2.0]
Velocity: [1709260000.063649,0.0, 0.0, -2.0]
Velocity: [1709260000.0928319,0.0, 0.0, -2.0]
Velocity: [1709260000.1307964,0.0, 0.0, -2.0]
Velocity: [1709260000.1588602,0.0, 0.0, -2.0]
Velocity: [1709260000.2010229,0.0, 0.0, -2.0]
Velocity: [1709260000.2287142,0.0, 0.0, -2.0]
Velocity: [1709260000.2636223,0.0, 0.0, -2.0]
Velocity: [1709260000.2910812,0.0, 0.0, -2.0]
Velocity: [1709260000.3313062,0.0, 0.0, -2.0]
Velocity: [1709260000.3647919,0.0, 0.0, -2.0]
Velocity: [1709260000.4058323,0.0, 0.0, -2.0]
Velocity: [1709260000.430904,0.0, 0.0, -2.0]
Velocity: [1709260000.4647486,0.0, 0.0, -2.0]
Velocity: [1709260000.5041258,0.0, 0.0, -2.0]
Velocity: [1709260000.5275874,0.0, 0.0, -2.0]
Velocity: [1709260000.562051,0.0, 0.0, -2.0]
Velocity: [1709260000.5970654,0.0, 0.0, -2.0]
Velocity: [1709260000.6256948,0.0, 0.0, -2.0]
Velocity: [1709260000.6747181,0.0, 0.0, -2.0]
Velocity: [1709260000.6892483,0.0, 0.0, -2.0]
Velocity: [1709260000.7599285,0.0, 0.0, -2.0]
Velocity: [1709260000.7602274,0.0, 0.0, 0.0]
Velocity: [1709260000.9106877,0.0, 0.0, 0.0]
Velocity: [1709260001.1179829,0.0, 0.0, 0.0]
Velocity: [1709260001.3383055,0.0, 0.0, 0.0]
Velocity: [1709260001.5471268,0.0, 0.0, 0.0]
Velocity: [1709260001.7565844,0.0, 0.0, 0.0]
Velocity: [1709260001.965187,0.0, 0.0, 0.0]
Velocity: [1709260002.135142,1.5, 0.0, 0.0]
Velocity: [1709260002.6281285,1.5, 0.0, 0.0]
Velocity: [1709260002.6671531,1.5, 0.0, 0.0]
Velocity: [1709260002.6950755,1.5, 0.0, 0.0]
Velocity: [1709260002.7248423,1.5, 0.0, 0.0]
Velocity: [1709260002.7559512,1.5, 0.0, 0.0]
Velocity: [1709260002.784942,1.5, 0.0, 0.0]
Velocity: [1709260002.8193748,1.5, 0.0, 0.0]
Velocity: [1709260002.8613698,1.5, 0.0, 0.0]
Velocity: [1709260002.899313,1.5, 0.0, 0.0]
Velocity: [1709260002.9213195,1.5, 0.0, 0.0]
Velocity: [1709260002.9622188,1.5, 0.0, 0.0]
Velocity: [1709260002.9821198,1.5, 0.0, 0.0]
Velocity: [1709260003.0121424,1.5, 0.0, 0.0]
Velocity: [1709260003.0418568,1.5, 0.0, 0.0]
Velocity: [1709260003.0746295,1.5, 0.0, 0.0]
Velocity: [1709260003.106214,1.5, 0.0, 0.0]
Velocity: [1709260003.1396697,1.5, 0.0, 0.0]
Velocity: [1709260003.1803842,1.5, 0.0, 0.0]
Velocity: [1709260003.202422,1.5, 0.0, 0.0]
Velocity: [1709260003.2321784,1.5, 0.0, 0.0]
Velocity: [1709260003.263207,1.5, 0.0, 0.0]
Velocity: [1709260003.2998996,1.5, 0.0, 0.0]
Velocity: [1709260003.3305075,1.5, 0.0, 0.0]
Velocity: [1709260003.3683348,1.5, 0.0, 0.0]
Velocity: [1709260003.5053215,1.5, 0.0, 0.0]
Velocity: [1709260003.5056963,1.5, 0.0, 0.0]
Velocity: [1709260003.5058763,1.5, 0.0, 0.0]
Velocity: [1709260003.5275059,1.5, 0.0, 0.0]
Velocity: [1709260003.5554419,1.5, 0.0, 0.0]
Velocity: [1709260003.6037629,1.5, 0.0, 0.0]
Velocity: [1709260003.6348531,1.5, 0.0, 0.0]
Velocity: [1709260003.6562552,1.5, 0.0, 0.0]
Velocity: [1709260003.691875,1.5, 0.0, 0.0]
Velocity: [1709260003.7313638,1.5, 0.0, 0.0]
Velocity: [1709260003.7676413,1.5, 0.0, 0.0]
Velocity: [1709260003.7967596,1.5, 0.0, 0.0]
Velocity: [1709260003.8278255,1.5, 0.0, 0.0]
Velocity: [1709260003.856093,1.5, 0.0, 0.0]
Velocity: [1709260003.8882399,1.5, 0.0, 0.0]
Velocity: [1709260003.9308977,1.5, 0.0, 0.0]
Velocity: [1709260003.9727747,1.5, 0.0, 0.0]
Velocity: [1709260004.0083861,1.5, 0.0, 0.0]
Velocity: [1709260004.0382812,1.5, 0.0, 0.0]
Velocity: [1709260004.0618925,1.5, 0.0, 0.0]
Velocity: [1709260004.1017566,1.5, 0.0, 0.0]
Velocity: [1709260004.126981,1.5, 0.0, 0.0]
Velocity: [1709260004.1621716,1.5, 0.0, 0.0]
Velocity: [1709260004.1981752,1.5, 0.0, 0.0]
Velocity: [1709260004.2273877,1.5, 0.0, 0.0]
Velocity: [1709260004.2500923,1.5, 0.0, 0.0]
Velocity: [1709260004.286121,1.5, 0.0, 0.0]
Velocity: [1709260004.3214784,1.5, 0.0, 0.0]
Velocity: [1709260004.3657868,1.5, 0.0, 0.0]
Velocity: [1709260004.3851697,1.5, 0.0, 0.0]
Velocity: [1709260004.4265406,1.5, 0.0, 0.0]
Velocity: [1709260004.451961,1.5, 0.0, 0.0]
Velocity: [1709260004.4895139,1.5, 0.0, 0.0]
Velocity: [1709260004.5195081,1.5, 0.0, 0.0]
Velocity: [1709260004.5398824,1.5, 0.0, 0.0]
Velocity: [1709260004.5754793,1.5, 0.0, 0.0]
Velocity: [1709260004.6078393,1.5, 0.0, 0.0]
Velocity: [1709260004.6295645,1.5, 0.0, 0.0]
Velocity: [1709260004.6593142,1.5, 0.0, 0.0]
Velocity: [1709260004.690585,1.5, 0.0, 0.0]
Velocity: [1709260004.7351835,1.5, 0.0, 0.0]
Velocity: [1709260004.7664442,1.5, 0.0, 0.0]
Velocity: [1709260004.7986858,1.5, 0.0, 0.0]
Velocity: [1709260004.8258212,1.5, 0.0, 0.0]
Velocity: [1709260004.8579943,1.5, 0.0, 0.0]
Velocity: [1709260004.89257,1.5, 0.0, 0.0]
Velocity: [1709260004.9486148,1.5, 0.0, 0.0]
Velocity: [1709260004.9805732,1.5, 0.0, 0.0]
Velocity: [1709260005.0132775,1.5, 0.0, 0.0]
Velocity: [1709260005.051422,1.5, 0.0, 0.0]
Velocity: [1709260005.07878,1.5, 0.0, 0.0]
Velocity: [1709260005.1144092,1.5, 0.0, 0.0]
Velocity: [1709260005.1446497,1.5, 0.0, 0.0]
Velocity: [1709260005.1852443,1.5, 0.0, 0.0]
Velocity: [1709260005.225797,1.5, 0.0, 0.0]
Velocity: [1709260005.2575202,1.5, 0.0, 0.0]
Velocity: [1709260005.2836018,1.5, 0.0, 0.0]
Velocity: [1709260005.3122633,1.5, 0.0, 0.0]
Velocity: [1709260005.3389394,1.5, 0.0, 0.0]
Velocity: [1709260005.3687186,1.5, 0.0, 0.0]
Velocity: [1709260005.4124925,1.5, 0.0, 0.0]
Velocity: [1709260005.4433484,1.5, 0.0, 0.0]
Velocity: [1709260005.4709034,1.5, 0.0, 0.0]
Velocity: [1709260005.4990578,1.5, 0.0, 0.0]
Velocity: [1709260005.529528,1.5, 0.0, 0.0]
Velocity: [1709260005.5892725,1.5, 0.0, 0.0]
Velocity: [1709260005.6208036,1.5, 0.0, 0.0]
Velocity: [1709260005.6535013,1.5, 0.0, 0.0]
Velocity: [1709260005.6873825,1.5, 0.0, 0.0]
Velocity: [1709260005.7233508,1.5, 0.0, 0.0]
Velocity: [1709260005.746672,1.5, 0.0, 0.0]
Velocity: [1709260005.7944298,1.5, 0.0, 0.0]
Velocity: [1709260005.8322458,1.5, 0.0, 0.0]
Velocity: [1709260005.8680904,1.5, 0.0, 0.0]
Velocity: [1709260005.9032226,1.5, 0.0, 0.0]
Velocity: [1709260005.9315033,1.5, 0.0, 0.0]
Velocity: [1709260005.9724758,1.5, 0.0, 0.0]
Velocity: [1709260006.0133085,1.5, 0.0, 0.0]
Velocity: [1709260006.0390427,1.5, 0.0, 0.0]
Velocity: [1709260006.071257,1.5, 0.0, 0.0]
Velocity: [1709260006.104327,1.5, 0.0, 0.0]
Velocity: [1709260006.1345403,1.5, 0.0, 0.0]
Velocity: [1709260006.1652231,1.5, 0.0, 0.0]
Velocity: [1709260006.202562,1.5, 0.0, 0.0]
Velocity: [1709260006.236599,1.5, 0.0, 0.0]
Velocity: [1709260006.2581728,1.5, 0.0, 0.0]
Velocity: [1709260006.2922747,1.5, 0.0, 0.0]
Velocity: [1709260006.3231063,1.5, 0.0, 0.0]
Velocity: [1709260006.3572445,1.5, 0.0, 0.0]
Velocity: [1709260006.3885736,1.5, 0.0, 0.0]
Velocity: [1709260006.4181542,1.5, 0.0, 0.0]
Velocity: [1709260006.4521031,1.5, 0.0, 0.0]
Velocity: [1709260006.488751,1.5, 0.0, 0.0]
Velocity: [1709260006.5088794,1.5, 0.0, 0.0]
Velocity: [1709260006.5393915,1.5, 0.0, 0.0]
Velocity: [1709260006.570157,1.5, 0.0, 0.0]
Velocity: [1709260006.6146562,1.5, 0.0, 0.0]
Velocity: [1709260006.6482885,1.5, 0.0, 0.0]
Velocity: [1709260006.6772103,1.5, 0.0, 0.0]
Velocity: [1709260006.707451,1.5, 0.0, 0.0]
Velocity: [1709260006.7453299,1.5, 0.0, 0.0]
Velocity: [1709260006.773902,1.5, 0.0, 0.0]
Velocity: [1709260006.8058052,1.5, 0.0, 0.0]
Velocity: [1709260006.8344386,1.5, 0.0, 0.0]
Velocity: [1709260006.868814,1.5, 0.0, 0.0]
Velocity: [1709260006.9000545,1.5, 0.0, 0.0]
Velocity: [1709260006.9481661,1.5, 0.0, 0.0]
Velocity: [1709260006.9707947,1.5, 0.0, 0.0]
Velocity: [1709260007.0099516,1.5, 0.0, 0.0]
Velocity: [1709260007.031414,1.5, 0.0, 0.0]
Velocity: [1709260007.068351,1.5, 0.0, 0.0]
Velocity: [1709260007.097995,1.5, 0.0, 0.0]
Velocity: [1709260007.1331456,1.5, 0.0, 0.0]
Velocity: [1709260007.1737976,1.5, 0.0, 0.0]
Velocity: [1709260007.2006252,1.5, 0.0, 0.0]
Velocity: [1709260007.2296474,1.5, 0.0, 0.0]
Velocity: [1709260007.264685,1.5, 0.0, 0.0]
Velocity: [1709260007.2952461,1.5, 0.0, 0.0]
Velocity: [1709260007.324032,1.5, 0.0, 0.0]
Velocity: [1709260007.5670207,1.5, 0.0, 0.0]
Velocity: [1709260007.5674763,1.5, 0.0, 0.0]
Velocity: [1709260007.5678666,1.5, 0.0, 0.0]
Velocity: [1709260007.5680876,1.5, 0.0, 0.0]
Velocity: [1709260007.5682857,1.5, 0.0, 0.0]
Velocity: [1709260007.568481,1.5, 0.0, 0.0]
Velocity: [1709260007.5686767,1.5, 0.0, 0.0]
Velocity: [1709260007.592633,1.5, 0.0, 0.0]
Velocity: [1709260007.6217403,1.5, 0.0, 0.0]
Velocity: [1709260007.6593213,1.5, 0.0, 0.0]
Velocity: [1709260007.6853797,1.5, 0.0, 0.0]
Velocity: [1709260007.7165284,1.5, 0.0, 0.0]
Velocity: [1709260007.7540803,1.5, 0.0, 0.0]
Velocity: [1709260007.7796519,1.5, 0.0, 0.0]
Velocity: [1709260007.8107634,1.5, 0.0, 0.0]
Velocity: [1709260007.8510983,1.5, 0.0, 0.0]
Velocity: [1709260007.8754394,1.5, 0.0, 0.0]
Velocity: [1709260007.9122286,1.5, 0.0, 0.0]
Velocity: [1709260007.9413967,1.5, 0.0, 0.0]
Velocity: [1709260007.9743574,1.5, 0.0, 0.0]
Velocity: [1709260008.0086956,1.5, 0.0, 0.0]
Velocity: [1709260008.041641,1.5, 0.0, 0.0]
Velocity: [1709260008.072994,1.5, 0.0, 0.0]
Velocity: [1709260008.1172702,1.5, 0.0, 0.0]
Velocity: [1709260008.1505923,1.5, 0.0, 0.0]
Velocity: [1709260008.1721792,1.5, 0.0, 0.0]
Velocity: [1709260008.2218497,1.5, 0.0, 0.0]
Velocity: [1709260008.2461047,1.5, 0.0, 0.0]
Velocity: [1709260008.279471,1.5, 0.0, 0.0]
Velocity: [1709260008.3119304,1.5, 0.0, 0.0]
Velocity: [1709260008.3476696,1.5, 0.0, 0.0]
Velocity: [1709260008.3682094,1.5, 0.0, 0.0]
Velocity: [1709260008.4071603,1.5, 0.0, 0.0]
Velocity: [1709260008.4335043,1.5, 0.0, 0.0]
Velocity: [1709260008.4734623,1.5, 0.0, 0.0]
Velocity: [1709260008.5036976,1.5, 0.0, 0.0]
Velocity: [1709260008.534968,1.5, 0.0, 0.0]
Velocity: [1709260008.5697095,1.5, 0.0, 0.0]
Velocity: [1709260008.5979311,1.5, 0.0, 0.0]
Velocity: [1709260008.6232853,1.5, 0.0, 0.0]
Velocity: [1709260008.6621506,1.5, 0.0, 0.0]
Velocity: [1709260008.6877522,1.5, 0.0, 0.0]
Velocity: [1709260008.7317972,1.5, 0.0, 0.0]
Velocity: [1709260008.7701075,1.5, 0.0, 0.0]
Velocity: [1709260008.7919095,1.5, 0.0, 0.0]
Velocity: [1709260008.8217936,1.5, 0.0, 0.0]
Velocity: [1709260008.8510857,1.5, 0.0, 0.0]
Velocity: [1709260008.8849916,1.5, 0.0, 0.0]
Velocity: [1709260008.9223413,1.5, 0.0, 0.0]
Velocity: [1709260008.9459915,1.5, 0.0, 0.0]
Velocity: [1709260008.9787328,1.5, 0.0, 0.0]
Velocity: [1709260009.017454,1.5, 0.0, 0.0]
Velocity: [1709260009.0482626,1.5, 0.0, 0.0]
Velocity: [1709260009.079155,1.5, 0.0, 0.0]
Velocity: [1709260009.1100104,1.5, 0.0, 0.0]
Velocity: [1709260009.140335,1.5, 0.0, 0.0]
Velocity: [1709260009.1720986,1.5, 0.0, 0.0]
Velocity: [1709260009.2026646,1.5, 0.0, 0.0]
Velocity: [1709260009.2442784,1.5, 0.0, 0.0]
Velocity: [1709260009.2683,1.5, 0.0, 0.0]
Velocity: [1709260009.2942302,1.5, 0.0, 0.0]
Velocity: [1709260009.3303747,1.5, 0.0, 0.0]
Velocity: [1709260009.3680382,1.5, 0.0, 0.0]
Velocity: [1709260009.395138,1.5, 0.0, 0.0]
Velocity: [1709260009.437088,1.5, 0.0, 0.0]
Velocity: [1709260009.454611,1.5, 0.0, 0.0]
Velocity: [1709260009.4823563,1.5, 0.0, 0.0]
Velocity: [1709260009.5207217,1.5, 0.0, 0.0]
Velocity: [1709260009.549476,1.5, 0.0, 0.0]
Velocity: [1709260009.5798156,1.5, 0.0, 0.0]
Velocity: [1709260009.6106145,1.5, 0.0, 0.0]
Velocity: [1709260009.6344247,1.5, 0.0, 0.0]
Velocity: [1709260009.6640806,1.5, 0.0, 0.0]
Velocity: [1709260009.7058425,1.5, 0.0, 0.0]
Velocity: [1709260009.7358727,1.5, 0.0, 0.0]
Velocity: [1709260009.7569282,1.5, 0.0, 0.0]
Velocity: [1709260009.794297,1.5, 0.0, 0.0]
Velocity: [1709260009.821857,1.5, 0.0, 0.0]
Velocity: [1709260009.84833,1.5, 0.0, 0.0]
Velocity: [1709260009.9116163,1.5, 0.0, 0.0]
Velocity: [1709260009.9391167,1.5, 0.0, 0.0]
Velocity: [1709260009.9534945,1.5, 0.0, 0.0]
Velocity: [1709260009.9925714,1.5, 0.0, 0.0]
Velocity: [1709260010.0210378,1.5, 0.0, 0.0]
Velocity: [1709260010.0477824,1.5, 0.0, 0.0]
Velocity: [1709260010.0770538,1.5, 0.0, 0.0]
Velocity: [1709260010.1231265,1.5, 0.0, 0.0]
Velocity: [1709260010.1409357,1.5, 0.0, 0.0]
Velocity: [1709260010.1742835,1.5, 0.0, 0.0]
Velocity: [1709260010.2118633,1.5, 0.0, 0.0]
Velocity: [1709260010.238288,1.5, 0.0, 0.0]
Velocity: [1709260010.26895,1.5, 0.0, 0.0]
Velocity: [1709260010.3088348,1.5, 0.0, 0.0]
Velocity: [1709260010.335186,1.5, 0.0, 0.0]
Velocity: [1709260010.37334,1.5, 0.0, 0.0]
Velocity: [1709260010.4118977,1.5, 0.0, 0.0]
Velocity: [1709260010.4402294,1.5, 0.0, 0.0]
Velocity: [1709260010.4787984,1.5, 0.0, 0.0]
Velocity: [1709260010.5096097,1.5, 0.0, 0.0]
Velocity: [1709260010.5358257,1.5, 0.0, 0.0]
Velocity: [1709260010.566927,1.5, 0.0, 0.0]
Velocity: [1709260010.600261,1.5, 0.0, 0.0]
Velocity: [1709260010.638364,1.5, 0.0, 0.0]
Velocity: [1709260010.6794562,1.5, 0.0, 0.0]
Velocity: [1709260010.6972954,1.5, 0.0, 0.0]
Velocity: [1709260010.7291453,1.5, 0.0, 0.0]
Velocity: [1709260010.7615242,1.5, 0.0, 0.0]
Velocity: [1709260010.7831497,1.5, 0.0, 0.0]
Velocity: [1709260010.8120327,1.5, 0.0, 0.0]
Velocity: [1709260010.8522332,1.5, 0.0, 0.0]
Velocity: [1709260010.8815145,1.5, 0.0, 0.0]
Velocity: [1709260010.9311914,1.5, 0.0, 0.0]
Velocity: [1709260010.965328,1.5, 0.0, 0.0]
Velocity: [1709260010.9903083,1.5, 0.0, 0.0]
Velocity: [1709260011.028584,1.5, 0.0, 0.0]
Velocity: [1709260011.060853,1.5, 0.0, 0.0]
Velocity: [1709260011.08808,1.5, 0.0, 0.0]
Velocity: [1709260011.1217558,1.5, 0.0, 0.0]
Velocity: [1709260011.1591356,1.5, 0.0, 0.0]
Velocity: [1709260011.1877575,1.5, 0.0, 0.0]
Velocity: [1709260011.2217927,1.5, 0.0, 0.0]
Velocity: [1709260011.2623165,1.5, 0.0, 0.0]
Velocity: [1709260011.3346367,1.5, 0.0, 0.0]
Velocity: [1709260011.366529,1.5, 0.0, 0.0]
Velocity: [1709260011.3925083,1.5, 0.0, 0.0]
Velocity: [1709260011.4285424,1.5, 0.0, 0.0]
Velocity: [1709260011.4589207,1.5, 0.0, 0.0]
Velocity: [1709260011.493993,1.5, 0.0, 0.0]
Velocity: [1709260011.6746986,1.5, 0.0, 0.0]
Velocity: [1709260011.6750588,1.5, 0.0, 0.0]
Velocity: [1709260011.6752424,1.5, 0.0, 0.0]
Velocity: [1709260011.6754155,1.5, 0.0, 0.0]
Velocity: [1709260011.6755838,1.5, 0.0, 0.0]
Velocity: [1709260011.7052724,1.5, 0.0, 0.0]
Velocity: [1709260011.7244437,1.5, 0.0, 0.0]
Velocity: [1709260011.7667181,1.5, 0.0, 0.0]
Velocity: [1709260011.7919939,1.5, 0.0, 0.0]
Velocity: [1709260011.8198504,1.5, 0.0, 0.0]
Velocity: [1709260011.8540075,1.5, 0.0, 0.0]
Velocity: [1709260011.892191,1.5, 0.0, 0.0]
Velocity: [1709260011.9214067,1.5, 0.0, 0.0]
Velocity: [1709260011.9526644,1.5, 0.0, 0.0]
Velocity: [1709260011.9887657,1.5, 0.0, 0.0]
Velocity: [1709260012.0272648,1.5, 0.0, 0.0]
Velocity: [1709260012.0523453,1.5, 0.0, 0.0]
Velocity: [1709260012.0839179,1.5, 0.0, 0.0]
Velocity: [1709260012.1155353,1.5, 0.0, 0.0]
Velocity: [1709260012.1531627,1.5, 0.0, 0.0]
Velocity: [1709260012.1798282,1.5, 0.0, 0.0]
Velocity: [1709260012.210131,1.5, 0.0, 0.0]
Velocity: [1709260012.2339246,1.5, 0.0, 0.0]
Velocity: [1709260012.2650821,1.5, 0.0, 0.0]
Velocity: [1709260012.297421,1.5, 0.0, 0.0]
Velocity: [1709260012.3430994,1.5, 0.0, 0.0]
Velocity: [1709260012.379939,1.5, 0.0, 0.0]
Velocity: [1709260012.4049497,1.5, 0.0, 0.0]
Velocity: [1709260012.4552457,1.5, 0.0, 0.0]
Velocity: [1709260012.4757545,1.5, 0.0, 0.0]
Velocity: [1709260012.5023146,1.5, 0.0, 0.0]
Velocity: [1709260012.539535,1.5, 0.0, 0.0]
Velocity: [1709260012.5638711,1.5, 0.0, 0.0]
Velocity: [1709260012.5934484,1.5, 0.0, 0.0]
Velocity: [1709260012.632519,1.5, 0.0, 0.0]
Velocity: [1709260012.6609817,1.5, 0.0, 0.0]
Velocity: [1709260012.6939492,1.5, 0.0, 0.0]
Velocity: [1709260012.7301457,1.5, 0.0, 0.0]
Velocity: [1709260012.7585132,1.5, 0.0, 0.0]
Velocity: [1709260012.7852695,1.5, 0.0, 0.0]
Velocity: [1709260012.8181427,1.5, 0.0, 0.0]
Velocity: [1709260012.846189,1.5, 0.0, 0.0]
Velocity: [1709260012.8753908,1.5, 0.0, 0.0]
Velocity: [1709260012.90663,1.5, 0.0, 0.0]
Velocity: [1709260012.9423888,1.5, 0.0, 0.0]
Velocity: [1709260012.9890633,1.5, 0.0, 0.0]
Velocity: [1709260013.017628,1.5, 0.0, 0.0]
Velocity: [1709260013.032441,0.0, 0.0, 0.0]
Velocity: [1709260013.2583323,0.0, 0.0, 0.0]
Velocity: [1709260013.475529,0.0, 0.0, 0.0]
Velocity: [1709260013.6715376,0.0, 0.0, 0.0]
Velocity: [1709260013.8808067,0.0, 0.0, 0.0]
Velocity: [1709260014.3650541,0.0, 0.0, 0.0]
Velocity: [1709260014.5667696,0.0, 0.0, 0.0]
Velocity: [1709260014.8041134,0.0, 0.0, 0.0]
Velocity: [1709260014.9591265,0.0, 0.0, 0.0]
Velocity: [1709260015.1536603,0.0, 0.0, 0.0]
Velocity: [1709260015.47232,0.0, 0.0, 0.0]
Velocity: [1709260015.5412748,0.0, 0.0, 0.0]
Velocity: [1709260015.7541933,0.0, 0.0, 0.0]
Velocity: [1709260015.9538023,0.0, 0.0, 0.0]
Velocity: [1709260016.1722908,0.0, 0.0, 0.0]
Velocity: [1709260016.3940704,0.0, 0.0, 0.0]
Velocity: [1709260016.622911,0.0, 0.0, 0.0]
Velocity: [1709260016.8275461,0.0, 0.0, 0.0]
Velocity: [1709260017.0277996,0.0, 0.0, 0.0]
Velocity: [1709260017.2631478,0.0, 0.0, 0.0]
Velocity: [1709260017.4962375,0.0, 0.0, 0.0]
Velocity: [1709260017.6606693,0.0, 0.0, 0.0]
Velocity: [1709260017.8917394,0.0, 0.0, 0.0]
Velocity: [1709260018.0584233,0.0, 0.0, 0.0]
Velocity: [1709260018.2600598,0.0, 0.0, 0.0]
Velocity: [1709260018.671548,0.0, 0.0, 0.0]
Velocity: [1709260018.898487,0.0, 0.0, 0.0]
Velocity: [1709260019.1409767,0.0, 0.0, 0.0]
Velocity: [1709260019.4475887,0.0, 0.0, 0.0]
Velocity: [1709260019.5836668,0.0, 0.0, 0.0]
Velocity: [1709260019.8651047,0.0, 0.0, 0.0]
Velocity: [1709260020.0648985,0.0, 0.0, 0.0]
Velocity: [1709260020.294776,0.0, 0.0, 0.0]
Velocity: [1709260020.497017,0.0, 0.0, 0.0]
Velocity: [1709260020.6895487,0.0, 0.0, 0.0]
Velocity: [1709260020.8945801,0.0, 0.0, 0.0]
Velocity: [1709260021.128524,0.0, 0.0, 0.0]
Velocity: [1709260021.3369243,0.0, 0.0, 0.0]
Velocity: [1709260021.544543,0.0, 0.0, 0.0]
Velocity: [1709260021.743904,0.0, 0.0, 0.0]
Velocity: [1709260021.943255,0.0, 0.0, 0.0]
Velocity: [1709260022.1808496,0.0, 0.0, 0.0]
Velocity: [1709260022.381818,0.0, 0.0, 0.0]
Velocity: [1709260022.5669827,0.0, 0.0, 0.0]
